360460
433871
480552
8021
85084
423746
103131
544392
374480
304208
65729
337861
381547
175301
133641
295406
300333
184711
526481
507354
402068
8897
266638
132649
600362
313455
24954
384566
310678
307081
35854
309633
210138
517390
35135
393652
440734
530626
182887
397600
442667
231875
411524
297652
290007
402037
580012
547212
448552
4723
496310
326355
300391
395668
516372
221011
116271
376710
93039
324255
107118
437946
38853
17929
198077
234978
335005
428555
131582
586385
186535
588626
331491
356876
234629
376158
98414
508125
124255
84482
103741
346796
389887
539231
68380
581685
104278
123451
565978
486515
346215
203865
225634
75936
450199
122101
605378
405724
295061
93938
606999
245078
282550
551094
19164
544470
17247
196773
29559
373121
333019
447016
590308
2741
245689
127901
514878
85665
212451
274700
326720
403944
381822
45332
279014
606869
162103
330560
557261
306065
341869
258276
371168
23079
566189
217504
261292
495768
205541
87408
408940
21894
99893
463705
102082
452230
557699
535734
112442
525191
311473
584540
385215
377621
341796
113997
241521
165163
281589
199843
345403
382756
173057
433037
426008
315610
511954
434789
261681
359250
345847
589380
312856
503845
126997
376551
507917
534608
496769
453169
577531
222684
137642
531330
64258
244202
518702
235348
155578
475357
257737
163482
534700
581661
285891
302410
267646
545464
10268
211840
355514
559296
256281
332698
576093
507594
423162
315594
337999
345005
403469
388552
311850
10834
568418
87272
207203
50038
482965
334603
462936
597666
30980
429069
129192
294392
370111
68206
556138
557864
172445
255121
152149
49868
594935
29111
413529
299901
272788
223613
451977
213658
572347
389899
12405
545112
546899
171278
390397
49396
497648
557564
526452
113392
528037
82660
6165
321211
87811
428051
103315
172039
292349
465347
505346
318438
599931
115932
397334
39188
325027
52328
54376
480096
605793
463909
497455
254272
170095
81037
148630
205333
8862
138222
326937
248970
242844
122041
292929
82031
434236
353338
522699
34183
170590
272748
336136
535638
164347
132837
10568
495017
277244
230458
70237
58018
20330
330479
298159
291317
546641
116921
536719
48756
193929
327165
488494
91337
35718
497458
35903
116274
602369
542563
555753
552063
240016
420996
328472
229947
463553
252856
508476
465011
288729
580965
380380
560802
387993
541217
239579
5561
374600
376431
119590
550451
74883
500263
316035
348415
161692
63399
1726
95520
575683
304885
346203
146359
146029
306730
366741
369424
381066
481229
72563
208633
386791
604793
281485
473847
409806
278649
101106
44832
298392
375716
153334
108429
197636
342904
563354
123783
416630
205352
302409
595665
219919
246774
163748
3611
535043
504423
262601
155344
276166
462790
384419
133296
574456
443254
173229
421845
199992
92252
491851
100448
549639
188806
294563
475979
585893
85886
455105
45441
563002
310089
272156
110438
62450
272647
475735
599317
605615
558699
611014
28211
336562
451109
152805
203434
177186
332958
94065
251483
22580
93676
93029
436837
321141
248899
518593
589952
374576
213557
433522
155011
60851
119829
338
480960
416589
414213
93528
600775
321332
150738
33483
570796
213668
593958
12034
569069
381648
500172
316514
473641
94839
201597
294456
155113
562740
249509
102517
92033
52715
295905
60100
466621
423112
603904
170021
180786
170146
246398
553223
5275
192498
348121
381758
279224
3755
536444
270599
399129
364328
467269
524712
412216
185992
416449
291582
567470
263841
486271
208132
420043
465170
329024
326519
394897
114349
425729
257089
55869
101148
513896
275699
456952
111898
83609
522739
224569
146952
214319
236022
29252
418793
560569
407701
186917
572253
269989
184942
523466
610131
329602
374202
57050
309313
479194
1525
269337
94917
84771
207595
273100
553866
429805
298251
66590
308864
278322
180622
9175
533620
125072
448224
174719
51458
458085
62716
546384
404927
240148
509822
586106
527389
104631
368310
458444
7518
275317
349791
259385
396510
262261
495671
542069
219030
17659
36971
461164
585314
3187
494004
323967
284349
136314
94394
404464
319514
45326
476429
21680
246106
155777
353576
571451
293687
364283
576993
351652
613095
49034
570221
276172
176433
257526
42292
312961
19408
338932
280063
229917
523930
77514
64797
174430
461188
356443
107906
608351
275452
388572
41045
229722
498443
262040
134080
334284
24284
111243
124588
370525
563283
572997
104515
415843
427985
608370
505044
510038
143297
327327
252721
90880
109226
583094
4583
191565
359345
78679
504208
186652
451905
519191
112463
145402
500458
418496
325449
125356
255751
189498
344202
324942
556227
497389
262253
219439
87928
388667
386647
432036
437309
483837
466729
6462
597388
328699
70291
376154
342363
185164
525632
54198
254513
17472
66809
439362
344357
210633
384798
391784
554192
227346
71581
119905
311212
482441
600976
174273
198585
19725
606600
469544
537254
212810
598527
62841
376573
604059
430158
308761
392212
17310
242904
366582
500772
39503
16416
319504
593891
151413
88636
453721
252110
124999
225329
205642
100102
504798
466922
347869
156071
54615
90704
36343
517396
424686
510031
483545
265775
115909
267202
233525
290115
451573
232611
370386
304298
555208
362111
35381
246841
320996
232172
103153
161226
122469
145248
489272
122737
521070
555521
68462
68232
298831
44971
589740
144567
69551
164385
567723
57763
176423
185476
139146
68745
604376
64715
435556
553153
545719
307820
360866
77423
252226
244577
493714
417273
477523
404956
555695
325886
594011
144976
196244
52237
445664
137276
148905
399783
414722
541212
267191
190671
269939
178455
151290
13161
186026
44068
110757
7777
296297
303512
107361
402804
451030
373918
517201
84251
72320
522217
370452
486866
117491
239581
591279
298089
217570
404527
147864
606749
532166
123175
114378
54834
12119
174982
392188
353856
85672
567105
34955
1782
297847
489027
541836
475490
234039
591054
174062
542402
604671
6153
302281
392706
595397
144028
605240
566852
19083
6282
305562
409664
358601
491341
565392
275131
254123
340496
412983
267843
594424
51459
474785
570145
407216
25022
516990
235633
599610
20945
166546
256927
357087
260342
40812
339580
603148
276817
383276
21832
81512
508291
46042
316451
12255
606028
182897
68289
214627
228839
153482
427179
221045
363677
327276
500895
557562
69504
332525
567555
153035
3874
351273
322641
493889
452018
583803
210473
31481
572495
262952
468259
294855
451224
411317
208527
303260
96866
559994
126815
493578
174760
444004
308599
592805
483406
291802
254789
505541
506388
449415
20387
309470
431536
580312
314020
383329
603656
384565
10424
533198
539284
425793
18362
538610
338818
287024
441868
370851
571310
123065
136048
559621
261829
361216
404824
160170
81811
374291
143573
392551
476871
511051
247043
200618
78223
168050
535047
416367
392504
429456
363017
505734
388003
580237
348399
238066
47344
293639
142001
142221
315423
373705
36369
247927
418068
250215
105399
350500
153837
436662
63402
124438
234619
76430
165483
471886
310467
208410
230229
115194
209585
219593
405336
434467
187876
319256
326873
469326
