139783	0
355772	0
188511	0
81360	0
292507	0
136596	0
302356	0
162514	0
419510	0
174777	0
462062	0
561540	0
92346	0
54759	0
610539	0
143746	0
503338	0
449487	0
428785	0
297041	0
14741	0
606299	0
102435	0
14533	0
355038	0
538729	0
318509	0
501132	0
183677	0
374541	0
162231	0
195699	0
226404	0
91575	0
105787	0
545752	0
561109	0
550603	0
345954	0
181914	0
250906	0
204937	0
389753	0
232328	0
552653	0
204523	0
556044	0
301302	0
417198	0
472792	0
51321	0
261990	0
558769	0
365531	0
446945	0
254563	0
9550	0
335780	0
463153	0
324406	0
9076	0
287847	0
376661	0
237727	0
301559	0
108161	0
106788	0
228371	0
184970	0
22674	0
331561	0
514279	0
109325	0
139541	0
250594	0
240353	0
19935	0
499589	0
113729	0
365474	0
345240	0
286298	0
322316	0
264408	0
193340	0
554328	0
523175	0
433954	0
469472	0
461896	0
483470	0
608693	0
407695	0
546879	0
96695	0
312358	0
594976	0
463058	0
336207	0
314752	0
381470	0
193928	0
451950	0
512311	0
173669	0
128211	0
324502	0
9787	0
13815	0
22477	0
109312	0
267532	0
51762	0
588543	0
172855	0
60215	0
288216	0
532144	0
581513	0
231168	0
162319	0
171469	0
478884	0
153007	0
395732	0
282791	0
595600	0
233442	0
530812	0
9695	0
351879	0
47847	0
174212	0
473006	0
40505	0
38121	0
438508	0
553178	0
560366	0
24412	0
318903	0
228156	0
117538	0
219966	0
257971	0
352247	0
432092	0
21459	0
78529	0
349128	0
380684	0
137590	0
106945	0
102901	0
10742	0
79983	0
181499	0
100821	0
85434	0
328975	0
454497	0
205392	0
465454	0
283286	0
97749	0
489605	0
437882	0
213621	0
102689	0
339928	0
238497	0
196614	0
439712	0
394201	0
314483	0
454144	0
410819	0
565623	0
317746	0
268501	0
576371	0
273821	0
6961	0
226380	0
68947	0
125705	0
404763	0
80519	0
378977	0
311122	0
407576	0
20003	0
426087	0
215086	0
519837	0
401542	0
546911	0
492064	0
114390	0
541329	0
104846	0
599911	0
184248	0
481024	0
612069	0
84689	0
292636	0
555733	0
559205	0
581909	0
48259	0
232272	0
453067	0
284916	0
214093	0
209796	0
502633	0
146514	0
135570	0
594701	0
268918	0
404860	0
276824	0
365216	0
380687	0
296078	0
360329	0
434180	0
181423	0
67813	0
590954	0
214220	0
168018	0
186265	0
399755	0
276185	0
298377	0
318910	0
537782	0
227170	0
121336	0
278779	0
544738	0
42333	0
587510	0
118915	0
118834	0
76061	0
449976	0
449396	0
26126	0
174107	0
113875	0
322134	0
224545	0
593042	0
138132	0
235923	0
205400	0
555825	0
13674	0
496414	0
129052	0
584095	0
312302	0
432286	0
256487	0
475537	0
600	0
326514	0
524703	0
216341	0
47679	0
211760	0
139674	0
20215	0
243597	0
461284	0
270382	0
97705	0
161576	0
592750	0
283035	0
530109	0
474353	0
67012	0
71251	0
330630	0
357653	0
537708	0
144177	0
221068	0
394593	0
199668	0
595204	0
475654	0
554161	0
388801	0
35299	0
226491	0
176479	0
508332	0
70432	0
601981	0
484367	0
590169	0
264330	0
168741	0
390968	0
463195	0
196254	0
260539	0
396022	0
550246	0
127380	0
267452	0
265627	0
262442	0
467105	0
13112	0
154438	0
159778	0
356795	0
112130	0
328745	0
118492	0
158374	0
65879	0
464930	0
220384	0
410388	0
599303	0
267718	0
458631	0
507135	0
266036	0
132705	0
546696	0
461884	0
181110	0
287107	0
540558	0
368149	1
155467	1
355356	1
51548	1
317878	1
147999	1
572894	1
281546	1
184944	1
552120	1
74284	1
157368	1
476853	1
581659	1
226065	1
550779	1
484058	1
166545	1
473214	1
383883	1
212481	1
205529	1
374697	1
207986	1
538360	1
230367	1
242937	1
383646	1
292874	1
258623	1
359272	1
162012	1
143928	1
462128	1
359640	1
246384	1
545696	1
221121	1
49334	1
261021	1
457654	1
441564	1
517106	1
13792	1
323219	1
116658	1
569137	1
479022	1
223031	1
364555	1
309622	1
566599	1
612295	1
539954	1
397599	1
524866	1
303614	1
441337	1
97587	1
293120	1
248160	1
561795	1
536862	1
561106	1
125825	1
448948	1
530853	1
126338	1
138085	1
580497	1
215811	1
23585	1
98608	1
455438	1
255722	1
206025	1
106505	1
210156	1
259108	1
295330	1
491371	1
33139	1
53010	1
342358	1
533271	1
248311	1
367375	1
281631	1
28222	1
298646	1
153742	1
133174	1
94906	1
469273	1
11185	1
438719	1
402161	1
431595	1
484090	1
466414	1
397639	1
361100	1
355428	1
139525	1
525864	1
159924	1
362700	1
146056	1
552775	1
283016	1
559319	1
124777	1
56987	1
423048	1
468768	1
361391	1
427128	1
557334	1
20678	1
467644	1
413273	1
513508	1
274194	1
421355	1
507039	1
460754	1
147668	1
408284	1
434269	1
379919	1
551537	1
183821	1
492790	1
573106	1
324939	1
131844	1
207934	1
1375	1
355054	1
477800	1
424544	1
564456	1
370931	1
393563	1
181170	1
478652	1
580355	1
511431	1
5298	1
275343	1
265775	1
158535	1
15795	1
518148	1
574009	1
484372	1
488070	1
452797	1
490341	1
376418	1
593051	1
549962	1
400252	1
431434	1
55751	1
408803	1
116968	1
311941	1
398939	1
392368	1
200787	1
475427	1
389784	1
512807	1
408363	1
214762	1
546624	1
273146	1
408980	1
188817	1
389629	1
390542	1
244641	1
543191	1
280710	1
413478	1
131794	1
602754	1
494983	1
410037	1
324489	1
36009	1
135484	1
524589	1
94024	1
25580	1
299276	1
385518	1
42584	1
486959	1
491967	1
241871	1
396257	1
80077	1
175756	1
328385	1
428545	1
63658	1
576529	1
3341	1
8122	1
189436	1
570324	1
202189	1
237882	1
110682	1
73043	1
401872	1
520306	1
158066	1
429837	1
202187	1
66234	1
251211	1
275416	1
225922	1
21420	1
417139	1
581388	1
345407	1
354496	1
586303	1
1989	1
438054	1
416290	1
343346	1
522577	1
306118	1
341976	1
511935	1
155249	1
324306	1
562443	1
275949	1
420063	1
67464	1
359913	1
257127	1
610806	1
305357	1
379903	1
7980	1
55836	1
569824	1
33591	1
176262	1
249733	1
596930	1
366992	1
500022	1
377320	1
153803	1
199325	1
584381	1
139202	1
460418	1
211139	1
407571	1
195007	1
115017	1
524735	1
142787	1
70574	1
345835	1
330367	1
551308	1
28556	1
403402	1
255410	1
355002	1
194231	1
267272	1
218079	1
73408	1
244662	1
573028	1
401985	1
551260	1
396325	1
482756	1
565881	1
26542	1
454000	1
86623	1
482830	1
328667	1
401633	1
498225	1
538939	1
511531	1
505079	1
439759	1
549253	1
491977	1
433311	1
458291	1
251112	1
502920	1
240621	1
437611	1
262603	1
114210	1
24339	1
26677	1
292807	1
363358	1
247416	1
84677	1
283930	1
532064	1
365785	1
314190	1
320591	1
322786	1
477295	1
353152	1
178099	1
122807	1
423201	1
297633	1
503634	1
287190	1
402824	1
191726	1
467326	1
32691	1
335199	1
394988	1
552908	1
132892	1
67255	1
194313	1
498683	2
145097	2
342258	2
411241	2
200461	2
403036	2
523823	2
354946	2
132073	2
584319	2
441840	2
488651	2
157500	2
407874	2
153758	2
499612	2
266663	2
118591	2
339147	2
460231	2
525988	2
371581	2
370470	2
283914	2
93438	2
275831	2
291925	2
184812	2
601067	2
506814	2
523926	2
17201	2
243747	2
283921	2
315775	2
358914	2
176983	2
317868	2
315237	2
148077	2
527331	2
169944	2
94057	2
189057	2
74531	2
270240	2
89820	2
503209	2
437273	2
127362	2
349158	2
420764	2
131405	2
105205	2
324385	2
502654	2
452994	2
164699	2
392679	2
269645	2
344247	2
35921	2
582114	2
155143	2
406255	2
368223	2
284191	2
13495	2
545871	2
418440	2
378933	2
596533	2
143703	2
159222	2
63128	2
13516	2
485241	2
539023	2
139413	2
469278	2
464262	2
439949	2
260929	2
605000	2
311062	2
373487	2
416726	2
153152	2
150750	2
238465	2
24890	2
273119	2
445056	2
474000	2
244678	2
139178	2
321946	2
329064	2
22607	2
537254	2
325360	2
114766	2
392034	2
29897	2
21287	2
301648	2
78449	2
132761	2
97577	2
345962	2
289233	2
183259	2
467218	2
389450	2
493798	2
119018	2
396193	2
478887	2
175317	2
428897	2
166951	2
551342	2
446801	2
585476	2
530879	2
384603	2
72939	2
458277	2
93063	2
396196	2
337266	2
222090	2
118220	2
200266	2
34555	2
111293	2
487915	2
540043	2
181613	2
45531	2
54658	2
195619	2
283580	2
306495	2
149342	2
554331	2
405332	2
135805	2
71993	2
599830	2
327630	2
257475	2
457634	2
601303	2
44816	2
410021	2
253159	2
126526	2
303344	2
321679	2
87546	2
245616	2
546008	2
489189	2
543819	2
304676	2
418021	2
193338	2
95601	2
397384	2
278237	2
200771	2
521463	2
235798	2
547582	2
603387	2
36109	2
398341	2
570303	2
420629	2
359096	2
409901	2
579640	2
146196	2
411072	2
184771	2
71708	2
294214	2
110821	2
84116	2
126660	2
140227	2
55675	2
218284	2
347202	2
160953	2
6370	2
7999	2
174904	2
203115	2
414949	2
303022	2
467612	2
601628	2
514107	2
419080	2
64323	2
600243	2
114809	2
346167	2
570268	2
599614	2
609710	2
307794	2
152411	2
118710	2
464389	2
546128	2
586846	2
425973	2
251223	2
310509	2
270634	2
410365	2
233679	2
16619	2
441306	2
90444	2
237613	2
237458	2
612348	2
491952	2
107418	2
460972	2
527174	2
565250	2
373151	2
81338	2
190272	2
597637	2
166987	2
534176	2
321524	2
230467	2
432263	2
69690	2
76773	2
61344	2
501204	2
11807	2
415591	2
507016	2
313717	2
504348	2
365143	2
201382	2
341007	2
374603	2
481389	2
488927	2
83178	2
93028	2
352326	2
223901	2
62816	2
430247	2
437577	2
105258	2
207365	2
158856	2
359212	2
255050	2
137892	2
578487	2
554350	2
348205	2
542228	2
15444	2
252901	2
300241	2
562975	2
435005	2
132334	2
464195	2
205456	2
84151	2
32582	2
282698	2
320179	2
368070	2
97268	2
376547	2
494860	2
548802	2
595636	2
547470	2
211191	2
85463	2
605674	2
420346	2
153857	2
314431	2
534869	2
308396	2
14107	2
594597	2
23857	2
240570	2
5964	2
567096	2
401613	2
1900	2
384542	2
503099	2
377630	2
539925	2
405444	2
139233	2
563261	2
225468	2
509899	2
594574	2
463832	2
320696	2
58701	2
206431	2
86120	2
478249	2
303131	2
7352	2
186441	2
519134	2
322963	2
590343	2
277680	2
213234	2
141757	2
181745	2
309939	2
541707	2
356132	2
473141	2
121407	3
363621	3
48766	3
417399	3
134540	3
114438	3
49635	3
406786	3
538202	3
112492	3
397110	3
85057	3
377263	3
151180	3
191722	3
110320	3
165930	3
473768	3
85448	3
209038	3
175986	3
385095	3
417967	3
265430	3
267649	3
253561	3
521920	3
303389	3
111834	3
37933	3
177640	3
561459	3
138522	3
72284	3
454045	3
464407	3
603571	3
250491	3
94200	3
298705	3
422130	3
471783	3
70200	3
346947	3
612126	3
487399	3
175966	3
438143	3
195151	3
112751	3
256943	3
195705	3
571259	3
524384	3
104904	3
56452	3
86565	3
362475	3
155391	3
254392	3
436584	3
374486	3
40942	3
321880	3
262842	3
558986	3
107863	3
407323	3
69664	3
403890	3
597128	3
493430	3
85947	3
225307	3
238746	3
409331	3
196632	3
490782	3
71133	3
267523	3
214158	3
449257	3
217046	3
590033	3
457676	3
593361	3
160884	3
7962	3
57291	3
82650	3
532884	3
383575	3
99283	3
415620	3
290125	3
356807	3
381653	3
436797	3
571059	3
190260	3
68400	3
369298	3
295320	3
367469	3
186287	3
225024	3
585936	3
143849	3
387002	3
609290	3
73707	3
612668	3
371294	3
253642	3
1603	3
579304	3
500924	3
576072	3
602514	3
212670	3
276444	3
288297	3
108011	3
281634	3
473759	3
461486	3
282736	3
430095	3
6025	3
319712	3
414322	3
423511	3
521506	3
90570	3
143948	3
309892	3
486758	3
445040	3
298607	3
173464	3
164858	3
204519	3
65430	3
128668	3
209457	3
567933	3
84353	3
178384	3
209360	3
255293	3
194108	3
534109	3
205203	3
191706	3
145788	3
258954	3
6153	3
524702	3
45792	3
319020	3
162157	3
409305	3
334532	3
522379	3
307542	3
587574	3
458887	3
222950	3
274967	3
229031	3
352862	3
601901	3
237111	3
211810	3
177697	3
236238	3
602628	3
492712	3
598729	3
287715	3
574983	3
179783	3
430375	3
241302	3
491541	3
317954	3
223412	3
443016	3
27963	3
204913	3
94401	3
3946	3
297209	3
156230	3
410404	3
610056	3
451349	3
24648	3
454011	3
546884	3
518046	3
403778	3
291988	3
494308	3
601915	3
563932	3
434193	3
99735	3
529972	3
570478	3
55598	3
523629	3
1992	3
53309	3
304672	3
200849	3
214784	3
436752	3
411572	3
452733	3
120470	3
295090	3
21382	3
48642	3
554744	3
67543	3
223750	3
610146	3
464375	3
522601	3
274823	3
35887	3
295127	3
248206	3
485114	3
225599	3
300704	3
586168	3
191118	3
350330	3
587853	3
17667	3
564495	3
460555	3
465021	3
182244	3
7471	3
377755	3
197970	3
94260	3
587227	3
518958	3
586669	3
335505	3
164325	3
299123	3
73596	3
598187	3
196819	3
256163	3
174278	3
438503	3
373536	3
497030	3
104003	3
495144	3
442630	3
151054	3
534390	3
324718	3
596704	3
360386	3
357474	3
402383	3
461206	3
596252	3
294700	3
579152	3
418350	3
90454	3
30176	3
197461	3
240597	3
222668	3
23610	3
396794	3
405919	3
604285	3
101234	3
258402	3
13022	3
204407	3
544305	3
195166	3
536037	3
57108	3
392180	3
508172	3
233059	3
52276	3
47376	3
75171	3
585413	3
165419	3
366656	3
8861	3
410993	3
176851	3
262591	3
193982	3
322059	3
278808	3
213327	3
246597	3
80692	3
447233	3
79737	3
514615	3
262010	3
49104	3
177355	3
279614	3
100384	3
597024	3
397883	3
404871	3
142425	3
73067	3
599928	3
555520	3
345329	3
541093	3
548997	3
176537	3
608997	3
188963	3
178740	3
246970	3
401258	3
551193	3
546354	3
204000	3
44199	4
502190	4
170410	4
334785	4
139336	4
563442	4
367989	4
145343	4
598692	4
234338	4
280637	4
329701	4
515589	4
79892	4
207952	4
611543	4
609882	4
88953	4
200993	4
336908	4
89749	4
532996	4
487338	4
381714	4
574833	4
280245	4
254141	4
287110	4
465141	4
446917	4
35881	4
493904	4
488200	4
83937	4
157524	4
563962	4
586723	4
49713	4
113346	4
104516	4
212359	4
466053	4
589440	4
439843	4
59279	4
453636	4
330716	4
550803	4
478520	4
490646	4
298131	4
391627	4
31194	4
484202	4
254734	4
330376	4
238117	4
155783	4
564441	4
136434	4
370815	4
577164	4
422894	4
59318	4
380314	4
320434	4
300058	4
576360	4
592560	4
188240	4
552123	4
111935	4
320374	4
125512	4
61838	4
404912	4
606035	4
419493	4
245304	4
131034	4
320050	4
423588	4
254188	4
425513	4
487154	4
84055	4
364936	4
83062	4
123161	4
97090	4
57099	4
336040	4
363014	4
490088	4
345379	4
598370	4
217068	4
489210	4
539723	4
306454	4
198399	4
536766	4
324370	4
451676	4
253049	4
73884	4
527493	4
413936	4
145431	4
161006	4
69868	4
215817	4
601333	4
491316	4
514048	4
9224	4
220355	4
610317	4
514979	4
613201	4
100631	4
215544	4
426338	4
585569	4
206401	4
329268	4
595717	4
272087	4
575123	4
506128	4
26060	4
462157	4
97147	4
394474	4
428926	4
163140	4
601224	4
259716	4
226593	4
73154	4
258312	4
351841	4
157178	4
569958	4
286738	4
532952	4
343705	4
509839	4
22763	4
118298	4
438502	4
402101	4
175713	4
286808	4
308519	4
141284	4
344125	4
88803	4
298729	4
52289	4
528794	4
348852	4
435445	4
353929	4
588404	4
365336	4
512392	4
140607	4
534907	4
131166	4
554336	4
188735	4
22502	4
293274	4
247828	4
558325	4
162921	4
239525	4
608329	4
298840	4
179292	4
10704	4
608491	4
441276	4
283980	4
225165	4
201794	4
72223	4
137194	4
475524	4
7851	4
443079	4
29142	4
135275	4
409225	4
75458	4
102403	4
130246	4
236194	4
101647	4
354179	4
204190	4
286728	4
553995	4
261745	4
611302	4
612125	4
514001	4
251009	4
601691	4
330405	4
397967	4
438234	4
35985	4
463143	4
495611	4
595250	4
101262	4
593537	4
164050	4
162013	4
28152	4
358615	4
422244	4
417724	4
330756	4
502655	4
410834	4
81337	4
308800	4
422173	4
94313	4
571490	4
346870	4
42978	4
181935	4
563535	4
116485	4
511190	4
394468	4
569329	4
492714	4
530372	4
19356	4
550334	4
149247	4
89198	4
101527	4
239717	4
303013	4
32331	4
564768	4
525468	4
269294	4
121909	4
17175	4
108127	4
7824	4
190043	4
470937	4
333512	4
302317	4
362021	4
68654	4
515224	4
412045	4
253369	4
14419	4
190758	4
76725	4
133664	4
299199	4
144559	4
175240	4
499333	4
494136	4
56055	4
532065	4
90762	4
89100	4
226479	4
389960	4
387923	4
590050	4
613364	4
558702	4
261683	4
180093	4
401873	4
462704	4
456893	4
63360	4
153643	4
439359	4
574681	4
294262	4
437751	4
224880	4
159083	4
303966	4
218113	4
577881	4
415098	4
7054	4
438674	4
107219	4
139853	4
150120	4
443919	4
512943	4
396967	4
53555	4
239542	4
334324	4
310865	4
7395	4
472397	4
1439	4
161555	4
408788	4
589571	4
348097	4
166024	4
285478	4
297161	4
546180	4
80656	4
199641	4
14930	4
362711	4
157480	4
195602	4
85392	4
552430	4
280217	4
406810	4
487122	4
91997	4
146630	4
578034	4
143469	4
158592	4
50913	5
229242	5
149986	5
149630	5
455202	5
202526	5
424762	5
148048	5
318736	5
564955	5
35163	5
591393	5
459401	5
332855	5
262869	5
397452	5
6940	5
398335	5
248075	5
32742	5
139375	5
56741	5
149793	5
170563	5
116687	5
78366	5
80429	5
225688	5
71882	5
205509	5
197625	5
78560	5
40810	5
61681	5
288884	5
318895	5
213799	5
283479	5
81263	5
371343	5
399048	5
22452	5
63348	5
76214	5
568378	5
494397	5
132410	5
15657	5
496858	5
71611	5
198588	5
82093	5
378838	5
183051	5
308038	5
461676	5
163486	5
312310	5
508051	5
273880	5
366359	5
551325	5
569518	5
36842	5
109982	5
15861	5
63535	5
580805	5
416450	5
36312	5
560421	5
518506	5
536322	5
581122	5
147620	5
348784	5
540437	5
423630	5
161132	5
378742	5
70459	5
5323	5
160774	5
601982	5
2239	5
449284	5
30233	5
17217	5
77551	5
602218	5
117316	5
484162	5
461613	5
247964	5
26184	5
135258	5
59453	5
10515	5
375389	5
216807	5
554466	5
150295	5
278105	5
505141	5
436720	5
142434	5
419150	5
42048	5
32895	5
540654	5
606894	5
407905	5
151316	5
207600	5
41780	5
197402	5
547000	5
495657	5
277420	5
263206	5
313367	5
342732	5
255512	5
295863	5
609884	5
168265	5
98091	5
554100	5
605021	5
288405	5
401328	5
443008	5
192460	5
481589	5
331642	5
318561	5
73936	5
31420	5
94172	5
487932	5
98794	5
65871	5
513480	5
406111	5
200580	5
214609	5
255876	5
275848	5
278325	5
326928	5
502857	5
14983	5
282614	5
291461	5
66487	5
48218	5
364056	5
15614	5
209468	5
242589	5
295759	5
38832	5
386146	5
374699	5
324869	5
358482	5
516294	5
32415	5
550550	5
465714	5
544927	5
541194	5
299215	5
185650	5
438434	5
163875	5
596836	5
9159	5
267071	5
243884	5
477299	5
483998	5
468717	5
346066	5
339286	5
599153	5
207441	5
469287	5
219559	5
499545	5
605268	5
219073	5
435656	5
200155	5
303807	5
303476	5
216410	5
416648	5
22198	5
256928	5
307351	5
572829	5
52035	5
25661	5
22813	5
25987	5
283279	5
429780	5
429128	5
317132	5
103258	5
409709	5
422938	5
411133	5
584385	5
589592	5
210538	5
557675	5
144254	5
176757	5
189723	5
374737	5
466430	5
216986	5
418999	5
364005	5
267149	5
582291	5
317856	5
45168	5
131053	5
171759	5
604503	5
546144	5
163833	5
265435	5
344936	5
75308	5
125524	5
481232	5
572251	5
462179	5
335726	5
173223	5
374446	5
37021	5
537596	5
243456	5
239707	5
277588	5
250267	5
461131	5
236447	5
362529	5
200722	5
588275	5
607105	5
92319	5
349295	5
470381	5
495140	5
521739	5
240421	5
382174	5
379685	5
158753	5
471196	5
290277	5
96288	5
111234	5
363534	5
291178	5
22179	5
98635	5
302455	5
143428	5
330278	5
283468	5
589079	5
321536	5
333861	5
504206	5
100437	5
428141	5
456526	5
590117	5
509653	5
542646	5
467463	5
478357	5
464941	5
589608	5
37833	5
370462	5
251509	5
506863	5
261358	5
265455	5
1884	5
589864	5
187356	5
367289	5
290259	5
332449	5
25199	5
240027	5
383540	5
230390	5
108798	5
307180	5
74459	5
557948	5
593375	5
223649	5
465783	5
45353	5
591759	5
374065	5
269320	5
565326	5
213801	5
177479	5
584174	5
465542	5
611365	5
158884	5
57491	5
336437	5
338550	5
613269	5
131797	5
78646	5
381904	5
415468	5
341640	5
37818	5
395403	5
336924	5
345531	5
612697	5
604277	5
353421	5
581691	6
539625	6
197277	6
25203	6
267355	6
323302	6
249041	6
139368	6
148962	6
240120	6
367475	6
284123	6
590754	6
41330	6
539200	6
29481	6
430673	6
379644	6
539926	6
455469	6
31645	6
4222	6
599299	6
293596	6
503727	6
82914	6
265786	6
205032	6
178892	6
337390	6
146939	6
274419	6
22138	6
102045	6
427037	6
32292	6
207217	6
493260	6
121988	6
543654	6
163051	6
360498	6
427803	6
64826	6
331784	6
544174	6
211931	6
153794	6
265751	6
266647	6
332205	6
7130	6
245012	6
17005	6
65702	6
333792	6
367758	6
591026	6
584290	6
4621	6
199490	6
538834	6
483357	6
327509	6
606412	6
555171	6
144427	6
471828	6
115346	6
315135	6
471307	6
515326	6
96764	6
244570	6
277676	6
263181	6
514865	6
117967	6
196043	6
150308	6
507350	6
496232	6
316366	6
5615	6
451355	6
363806	6
29773	6
230347	6
42989	6
478051	6
234167	6
365277	6
417249	6
558583	6
444045	6
266434	6
532256	6
483164	6
23540	6
352647	6
210397	6
315727	6
162592	6
118975	6
296646	6
62120	6
68195	6
539063	6
548068	6
193621	6
396881	6
520344	6
88826	6
465195	6
332857	6
597328	6
209226	6
302630	6
213095	6
531406	6
315740	6
187054	6
97839	6
201469	6
93157	6
81615	6
216586	6
47678	6
143417	6
371845	6
296849	6
267099	6
28482	6
474256	6
35740	6
572100	6
429691	6
76469	6
148993	6
128440	6
56879	6
175547	6
107813	6
14914	6
8113	6
226943	6
38282	6
317473	6
97805	6
121005	6
562533	6
207715	6
296718	6
585499	6
387079	6
533989	6
258598	6
77474	6
70272	6
141502	6
457923	6
423331	6
315975	6
296353	6
304439	6
565070	6
181115	6
36243	6
387565	6
179546	6
219775	6
266438	6
110384	6
254800	6
505638	6
187711	6
1457	6
2765	6
39907	6
501659	6
486631	6
328526	6
388797	6
65596	6
421670	6
339164	6
497415	6
230126	6
245465	6
378502	6
280915	6
341759	6
282367	6
268542	6
12808	6
38190	6
323583	6
495005	6
357800	6
538044	6
340255	6
501809	6
109660	6
482104	6
532854	6
455961	6
50327	6
538830	6
447607	6
540715	6
429773	6
165417	6
576430	6
384	6
259431	6
610181	6
506118	6
488790	6
11566	6
152977	6
291700	6
87714	6
475475	6
556530	6
191419	6
397155	6
66542	6
454294	6
72419	6
302864	6
491315	6
428929	6
356097	6
492597	6
179445	6
54577	6
182483	6
325744	6
14729	6
477182	6
457856	6
553578	6
75925	6
164731	6
424979	6
572170	6
183620	6
27234	6
344988	6
249540	6
340185	6
571974	6
236208	6
469166	6
565106	6
54377	6
445737	6
490427	6
545522	6
98806	6
543527	6
379376	6
413230	6
95692	6
248585	6
96915	6
184711	6
387105	6
445020	6
83926	6
171010	6
292872	6
141423	6
302595	6
1862	6
373974	6
252352	6
115282	6
456680	6
32152	6
324788	6
275878	6
457677	6
236178	6
493656	6
515725	6
575545	6
493879	6
494071	6
223730	6
377626	6
540136	6
293436	6
610920	6
79543	6
233330	6
478530	6
97490	6
538519	6
534064	6
188786	6
305779	6
340436	6
428488	6
436693	6
416772	6
170821	6
510786	6
161618	6
249769	6
102539	6
211504	6
60405	6
432699	6
237522	6
183325	6
361132	6
311795	6
47214	6
352426	6
495312	6
2582	6
21742	6
393797	6
27146	6
253598	6
128759	6
433495	6
296363	6
391424	6
577370	6
596502	6
229290	6
29525	6
174386	6
151922	6
309013	6
164736	6
187081	6
308594	6
519931	6
120712	6
463130	7
296737	7
549796	7
552299	7
91400	7
474825	7
487668	7
192022	7
535011	7
607756	7
85304	7
199460	7
607895	7
86279	7
133412	7
412905	7
102229	7
35483	7
28733	7
39663	7
63818	7
351473	7
332037	7
23994	7
304316	7
265167	7
250850	7
43396	7
579687	7
102166	7
157747	7
99570	7
55820	7
39104	7
412014	7
115310	7
595816	7
462066	7
313668	7
238509	7
199309	7
425374	7
492191	7
537209	7
427443	7
89692	7
415264	7
30483	7
609964	7
118005	7
472964	7
90847	7
131722	7
158124	7
263957	7
455210	7
389281	7
380706	7
24525	7
521177	7
395825	7
116683	7
112182	7
594286	7
241608	7
543682	7
208986	7
302519	7
539579	7
576938	7
458705	7
415115	7
435986	7
75513	7
351783	7
588119	7
364064	7
252061	7
19706	7
23965	7
149690	7
354839	7
187368	7
36097	7
38396	7
420831	7
519866	7
398526	7
62374	7
119330	7
306038	7
439850	7
356176	7
321559	7
496416	7
593238	7
406960	7
131063	7
413580	7
589633	7
204673	7
355501	7
103951	7
263576	7
438335	7
293653	7
130367	7
549729	7
310258	7
116696	7
328145	7
318579	7
513705	7
448738	7
466985	7
426421	7
465794	7
119283	7
14259	7
516692	7
18497	7
45457	7
263330	7
527742	7
546346	7
83641	7
62707	7
580692	7
87221	7
511744	7
200766	7
353158	7
570917	7
570904	7
331	7
102309	7
428089	7
113240	7
125637	7
573101	7
530198	7
402280	7
55654	7
457763	7
182529	7
278666	7
56101	7
551064	7
182508	7
519849	7
598454	7
273738	7
413898	7
184316	7
399453	7
112721	7
548008	7
218491	7
371287	7
330026	7
559240	7
454434	7
508684	7
581473	7
247563	7
441018	7
452475	7
301965	7
379279	7
466770	7
115362	7
476528	7
438215	7
152336	7
119152	7
120888	7
331862	7
557705	7
53456	7
59062	7
513392	7
140856	7
123632	7
66403	7
186076	7
86556	7
62846	7
527833	7
362295	7
438634	7
109361	7
249421	7
92396	7
26159	7
7255	7
282959	7
405570	7
492017	7
124681	7
142565	7
4528	7
159873	7
571958	7
521786	7
292059	7
142824	7
272202	7
81889	7
569740	7
363435	7
254447	7
10738	7
145042	7
543969	7
463824	7
596622	7
21602	7
200377	7
463797	7
467537	7
425969	7
184897	7
113086	7
500205	7
109890	7
63162	7
478872	7
489157	7
268526	7
43284	7
128624	7
94851	7
478879	7
371362	7
600848	7
567783	7
410873	7
380930	7
103915	7
335429	7
113657	7
172243	7
461601	7
159334	7
600276	7
393706	7
97103	7
195475	7
239355	7
598709	7
136414	7
354727	7
247638	7
54307	7
527036	7
41696	7
200238	7
481653	7
503192	7
59821	7
195745	7
552068	7
487266	7
307324	7
138421	7
354160	7
37793	7
480082	7
528939	7
315862	7
267467	7
64426	7
30017	7
178168	7
497456	7
268718	7
11589	7
382360	7
50242	7
309399	7
218198	7
138249	7
516006	7
53255	7
585342	7
256103	7
52441	7
275716	7
149911	7
511344	7
349232	7
224592	7
237471	7
377033	7
580572	7
48209	7
244123	7
173769	7
552853	7
155235	7
287386	7
449161	7
141673	7
438376	7
125574	7
162251	7
386322	7
348923	7
217569	7
481123	7
66714	7
196291	7
312067	7
192386	7
203610	7
254215	7
148824	7
30445	7
137251	7
214803	7
295873	7
541172	7
520938	7
443258	7
24650	7
510355	7
185017	7
71896	7
436339	7
22269	7
468957	7
351709	7
92095	7
171373	7
108039	7
137966	7
370334	7
221422	7
243711	7
92489	7
166768	7
575861	7
203211	8
588093	8
475004	8
520262	8
177437	8
437457	8
540808	8
172543	8
475051	8
187567	8
231031	8
28285	8
232155	8
181919	8
222939	8
517434	8
599878	8
216676	8
486869	8
20510	8
476070	8
49018	8
313657	8
442374	8
413202	8
444421	8
240613	8
591990	8
597361	8
428868	8
319935	8
522256	8
238694	8
130094	8
585089	8
598404	8
547702	8
537903	8
387157	8
204707	8
425446	8
383525	8
177223	8
607670	8
545009	8
358113	8
24971	8
450299	8
432485	8
463279	8
9549	8
295457	8
356724	8
595783	8
96633	8
355651	8
20589	8
426029	8
386208	8
151396	8
136191	8
90619	8
298404	8
432398	8
385438	8
243031	8
332702	8
320397	8
497205	8
567284	8
14103	8
84780	8
353754	8
267738	8
348733	8
159497	8
53730	8
263630	8
328522	8
290731	8
430283	8
556153	8
577089	8
482448	8
373153	8
480183	8
461130	8
418654	8
28346	8
162394	8
51361	8
467344	8
390516	8
508523	8
430589	8
561452	8
140420	8
439299	8
331462	8
331235	8
350902	8
185491	8
164825	8
334471	8
587899	8
551077	8
294110	8
332353	8
58187	8
388339	8
268332	8
498295	8
42571	8
353673	8
539270	8
443844	8
200541	8
460487	8
554723	8
278354	8
340274	8
316577	8
21037	8
346214	8
231698	8
356268	8
499969	8
75891	8
488475	8
498205	8
301877	8
468006	8
325161	8
364143	8
26524	8
324007	8
307577	8
147855	8
160577	8
190400	8
215183	8
564841	8
412596	8
404093	8
285219	8
57891	8
398371	8
577834	8
315072	8
399689	8
32952	8
12237	8
305370	8
172381	8
317790	8
568502	8
261706	8
5208	8
88787	8
500536	8
227010	8
272985	8
47606	8
130214	8
42863	8
50942	8
496506	8
449368	8
37303	8
233801	8
67311	8
590196	8
496314	8
129353	8
477536	8
392437	8
276671	8
15765	8
362186	8
288396	8
131263	8
499435	8
585296	8
399851	8
517376	8
442904	8
244687	8
31289	8
363264	8
424919	8
119540	8
209039	8
291497	8
376795	8
551207	8
334368	8
460565	8
369217	8
144099	8
313873	8
576484	8
190282	8
285858	8
315143	8
444139	8
500945	8
346197	8
3520	8
57906	8
173469	8
153580	8
175870	8
453086	8
417974	8
502448	8
426510	8
52382	8
477008	8
412766	8
260922	8
243496	8
107344	8
362399	8
563598	8
394520	8
25458	8
32546	8
570674	8
127093	8
341923	8
93035	8
459924	8
90933	8
71281	8
119468	8
328083	8
449610	8
399546	8
490260	8
90166	8
184558	8
142267	8
334316	8
375558	8
49913	8
517067	8
73810	8
119857	8
50830	8
367266	8
568159	8
322123	8
564828	8
197902	8
257229	8
317147	8
545814	8
274720	8
289162	8
190570	8
149852	8
242940	8
263339	8
336849	8
76442	8
384050	8
428571	8
90413	8
548668	8
14557	8
218816	8
53887	8
186964	8
181929	8
18597	8
254111	8
190763	8
548959	8
5372	8
243065	8
256859	8
136511	8
565435	8
280616	8
417807	8
488695	8
578490	8
244028	8
322790	8
428236	8
606766	8
110081	8
423568	8
253537	8
397333	8
251991	8
344576	8
395626	8
86818	8
473329	8
129512	8
257649	8
479781	8
346959	8
117385	8
451900	8
205013	8
243926	8
145118	8
368888	8
164189	8
313428	8
522269	8
204079	8
107105	8
539927	8
230560	8
334387	8
175946	8
453167	8
511656	8
147872	8
132921	8
190220	8
573761	8
101945	8
49721	8
295242	8
552490	8
503069	8
514256	8
270838	8
284134	8
554932	8
613244	8
288904	8
222914	8
73061	8
312047	8
433015	8
104643	8
532475	8
384816	9
562244	9
295173	9
355092	9
608658	9
427761	9
219817	9
89664	9
406908	9
230932	9
299800	9
142013	9
369370	9
593201	9
301846	9
302200	9
32943	9
527219	9
46231	9
13424	9
101855	9
292865	9
214494	9
236009	9
130450	9
431391	9
507613	9
358826	9
107893	9
612575	9
461603	9
467154	9
250458	9
570933	9
170184	9
188919	9
72949	9
15251	9
52420	9
412016	9
126021	9
86028	9
432023	9
132616	9
329130	9
201228	9
223216	9
42688	9
286590	9
122203	9
140601	9
538121	9
605808	9
514018	9
60274	9
451598	9
531932	9
505004	9
270026	9
83326	9
581103	9
406064	9
71794	9
152873	9
437292	9
252173	9
142440	9
151144	9
442616	9
159795	9
602692	9
218768	9
467137	9
226637	9
511673	9
550109	9
579981	9
52239	9
232217	9
51441	9
275210	9
571444	9
6519	9
283277	9
366948	9
559848	9
604191	9
182523	9
100981	9
407678	9
492158	9
321147	9
422073	9
549945	9
313867	9
210936	9
134140	9
3876	9
238324	9
612003	9
591208	9
536652	9
312411	9
269900	9
330234	9
351359	9
390987	9
488375	9
318884	9
579802	9
219412	9
129941	9
353054	9
246884	9
37982	9
306024	9
390507	9
438222	9
491001	9
359134	9
559180	9
321905	9
16909	9
228598	9
122158	9
297472	9
23050	9
298300	9
519677	9
97945	9
347724	9
460171	9
166002	9
546915	9
155912	9
92444	9
209518	9
413434	9
502079	9
234439	9
109389	9
12406	9
436129	9
502905	9
412467	9
459796	9
574572	9
383948	9
231637	9
401000	9
18290	9
470425	9
164001	9
33803	9
306471	9
240726	9
489428	9
185264	9
484171	9
457210	9
586457	9
7844	9
275369	9
120026	9
309710	9
395636	9
138435	9
591380	9
306948	9
398128	9
133572	9
477731	9
183632	9
480810	9
30078	9
245841	9
70384	9
271728	9
385283	9
405349	9
260927	9
8182	9
137655	9
247916	9
549332	9
300341	9
277460	9
351343	9
381776	9
348795	9
473093	9
6805	9
418584	9
207885	9
325783	9
441250	9
372789	9
135177	9
351317	9
38936	9
421929	9
523235	9
562751	9
65769	9
282328	9
234913	9
347535	9
536805	9
367647	9
398122	9
420813	9
144858	9
94479	9
516301	9
530827	9
112811	9
333496	9
273427	9
72065	9
248870	9
313680	9
313384	9
9139	9
274479	9
84414	9
560577	9
253439	9
83775	9
474516	9
182301	9
97684	9
38549	9
78738	9
201314	9
138122	9
438355	9
604983	9
574531	9
129579	9
588895	9
93639	9
42860	9
1623	9
610531	9
71556	9
105233	9
21040	9
106731	9
165139	9
441438	9
249008	9
27200	9
297299	9
160059	9
481497	9
197287	9
379309	9
80403	9
541051	9
379567	9
172783	9
265788	9
559055	9
589543	9
356304	9
246168	9
413658	9
47760	9
290116	9
59123	9
155415	9
102242	9
409090	9
540740	9
264964	9
362923	9
564984	9
613542	9
567974	9
395763	9
148733	9
507399	9
488424	9
456474	9
182604	9
129166	9
219839	9
164340	9
31624	9
120871	9
402646	9
489238	9
458848	9
244086	9
550428	9
195174	9
94773	9
406696	9
50965	9
540782	9
20219	9
576259	9
553236	9
38453	9
321602	9
573087	9
203740	9
172347	9
541351	9
415365	9
16122	9
597187	9
543390	9
295299	9
133894	9
122123	9
174545	9
24837	9
324219	9
164882	9
224283	9
26326	9
431011	9
302127	9
476916	9
460695	9
455989	9
319731	9
565484	9
563109	9
403397	9
553920	9
521018	9
226173	9
557208	9
43566	9
283307	9
73687	9
537709	9
397625	9
291070	9
278755	9
488125	10
193062	10
312561	10
54655	10
116750	10
303037	10
415168	10
218724	10
213577	10
481950	10
244200	10
385259	10
592720	10
361284	10
321687	10
538722	10
433782	10
525478	10
543739	10
216843	10
529295	10
490059	10
89927	10
575243	10
329406	10
138103	10
232670	10
515239	10
329003	10
433196	10
313926	10
22637	10
107639	10
245459	10
577263	10
452207	10
422563	10
507444	10
504316	10
119696	10
273843	10
478072	10
368654	10
62026	10
493194	10
48717	10
493172	10
557864	10
466419	10
487517	10
351687	10
104489	10
386393	10
204331	10
314173	10
199005	10
401814	10
128735	10
170162	10
165590	10
220297	10
324855	10
484687	10
152527	10
418778	10
279829	10
367950	10
225327	10
598757	10
379034	10
573399	10
123370	10
141058	10
213906	10
123758	10
327995	10
508195	10
383438	10
446711	10
163901	10
308442	10
120977	10
493044	10
22855	10
605547	10
518067	10
239721	10
237361	10
297704	10
23896	10
466478	10
91468	10
372543	10
212699	10
283075	10
483956	10
439017	10
80264	10
599802	10
600646	10
407287	10
25717	10
231060	10
397161	10
226588	10
94689	10
279454	10
223108	10
368490	10
458888	10
70003	10
50961	10
17553	10
456523	10
217265	10
407311	10
294330	10
45064	10
460397	10
522788	10
269963	10
89485	10
346930	10
520628	10
160380	10
179809	10
67690	10
164938	10
327961	10
130572	10
299055	10
88660	10
564568	10
329569	10
409077	10
244120	10
539121	10
348984	10
252698	10
310471	10
268254	10
519962	10
538395	10
507816	10
133213	10
236860	10
84590	10
409976	10
267878	10
554532	10
459275	10
504120	10
303486	10
578065	10
523610	10
332135	10
284627	10
231228	10
167506	10
440250	10
27012	10
63115	10
6997	10
212778	10
424715	10
308954	10
295013	10
192320	10
314887	10
15238	10
567377	10
609900	10
536618	10
130725	10
329872	10
524641	10
510579	10
328058	10
202409	10
111114	10
361151	10
456935	10
196612	10
385033	10
90857	10
91175	10
280103	10
490083	10
434969	10
492704	10
509740	10
517671	10
69935	10
324597	10
197795	10
274480	10
607490	10
367484	10
428121	10
557538	10
523646	10
21236	10
162731	10
445577	10
127155	10
609071	10
410003	10
228194	10
327889	10
248130	10
103150	10
262475	10
101829	10
535632	10
251759	10
297514	10
230436	10
378208	10
198350	10
558430	10
261647	10
575133	10
566545	10
90544	10
469733	10
189756	10
305614	10
66586	10
541519	10
335484	10
295389	10
52978	10
310561	10
612040	10
145489	10
405301	10
158419	10
613296	10
509369	10
505538	10
305010	10
525047	10
387505	10
98378	10
27172	10
570288	10
584411	10
413227	10
38424	10
283324	10
5542	10
285714	10
288021	10
379902	10
24353	10
522423	10
295713	10
569677	10
154366	10
99668	10
600073	10
341301	10
291886	10
84030	10
416839	10
565330	10
362818	10
451108	10
609410	10
538027	10
476439	10
27109	10
489664	10
22494	10
568734	10
296936	10
263230	10
552508	10
480007	10
514058	10
416198	10
206302	10
602975	10
193082	10
103314	10
482757	10
457335	10
340718	10
164694	10
106252	10
67060	10
601714	10
442332	10
69257	10
34221	10
217967	10
570088	10
19404	10
404032	10
167364	10
410952	10
209120	10
583311	10
324636	10
554644	10
284183	10
70968	10
426009	10
573326	10
572348	10
160895	10
611382	10
529713	10
75256	10
158151	10
90075	10
541258	10
313493	10
398696	10
458995	10
263569	10
64091	10
453793	10
229312	10
52233	10
598090	10
494058	10
195735	10
318702	10
443386	10
91508	10
304703	10
318424	10
353086	10
12785	10
499346	10
44547	10
68743	10
361932	10
159247	10
370188	10
198558	10
302157	11
260430	11
236309	11
154199	11
38379	11
291063	11
441207	11
185566	11
231783	11
328161	11
180526	11
203400	11
24374	11
139921	11
391736	11
94984	11
278748	11
599505	11
173601	11
116920	11
572526	11
608951	11
237313	11
497696	11
375286	11
71002	11
294808	11
301565	11
477419	11
535090	11
25288	11
401659	11
577683	11
31864	11
165349	11
135065	11
64794	11
259896	11
391244	11
312086	11
558192	11
259361	11
193524	11
126312	11
162097	11
253860	11
611526	11
435061	11
80291	11
413492	11
311280	11
191879	11
357235	11
179412	11
571806	11
170548	11
606856	11
47875	11
141973	11
573145	11
38475	11
581924	11
162649	11
307345	11
292971	11
307118	11
131948	11
73285	11
292384	11
448372	11
259342	11
397558	11
477095	11
435789	11
389221	11
127355	11
29219	11
381210	11
28933	11
27305	11
354997	11
408863	11
302107	11
69959	11
337823	11
327066	11
484425	11
374702	11
100333	11
59969	11
76158	11
375043	11
74057	11
139682	11
104515	11
450076	11
220395	11
149451	11
98980	11
349230	11
392054	11
418653	11
66647	11
264838	11
283216	11
593021	11
243462	11
333643	11
239296	11
587499	11
192369	11
595916	11
22363	11
367112	11
410261	11
8978	11
550286	11
56868	11
66876	11
186792	11
397933	11
313915	11
95281	11
9606	11
96568	11
477678	11
200146	11
311874	11
382111	11
110575	11
162718	11
486395	11
388622	11
140992	11
216618	11
476547	11
502983	11
194674	11
100956	11
417636	11
599446	11
205754	11
466266	11
182121	11
200746	11
481491	11
66238	11
356067	11
417513	11
178923	11
330684	11
540224	11
411411	11
471867	11
252907	11
417039	11
120189	11
602968	11
72858	11
63442	11
341026	11
305168	11
397555	11
1533	11
225910	11
345808	11
350466	11
426046	11
401140	11
86064	11
167486	11
533712	11
22373	11
558333	11
144324	11
34779	11
480459	11
259568	11
418690	11
559863	11
270679	11
163582	11
454339	11
403052	11
233648	11
427250	11
387653	11
288336	11
131791	11
482562	11
532465	11
585482	11
267922	11
386245	11
464558	11
448776	11
539917	11
139394	11
320860	11
303790	11
194588	11
491419	11
292568	11
571402	11
289768	11
598647	11
303346	11
214954	11
235886	11
502467	11
34288	11
481161	11
577016	11
297930	11
44970	11
608921	11
507383	11
179895	11
211990	11
414540	11
193061	11
146523	11
410487	11
47188	11
231443	11
176830	11
129285	11
558070	11
276237	11
345378	11
440663	11
347148	11
331553	11
86749	11
467749	11
439628	11
576393	11
390883	11
243856	11
288917	11
516371	11
124815	11
28017	11
424404	11
585586	11
364798	11
294257	11
335108	11
197167	11
408490	11
235889	11
204086	11
153781	11
352637	11
395742	11
4744	11
370227	11
136478	11
133959	11
568461	11
405633	11
427127	11
79958	11
203869	11
226459	11
493084	11
522928	11
497270	11
501445	11
418024	11
417775	11
231947	11
457135	11
425168	11
344724	11
446588	11
157697	11
425679	11
285316	11
162513	11
126882	11
536756	11
249067	11
14883	11
508691	11
564314	11
585183	11
397707	11
180463	11
415421	11
91796	11
170847	11
315696	11
33608	11
269852	11
352907	11
59722	11
390686	11
490882	11
450682	11
405594	11
116812	11
1378	11
345897	11
109192	11
377598	11
134485	11
554836	11
289544	11
73653	11
400216	11
68944	11
125379	11
576511	11
354017	11
298342	11
177569	11
328825	11
440793	11
445999	11
484115	11
245065	11
322920	11
22436	11
153976	11
601173	11
72772	11
11867	11
584056	11
336301	11
216774	11
423060	11
601253	11
196166	11
347767	11
336960	11
160442	11
172656	11
280071	11
342836	11
604016	11
159518	11
448141	12
107423	12
8466	12
401332	12
481843	12
549915	12
391735	12
2977	12
62734	12
176706	12
431136	12
363786	12
571485	12
106221	12
527570	12
338318	12
158388	12
50299	12
334621	12
408958	12
474800	12
332830	12
545681	12
178964	12
455275	12
397831	12
573740	12
348720	12
90795	12
473871	12
320529	12
593391	12
169462	12
382756	12
377056	12
341442	12
599764	12
271281	12
504282	12
67450	12
351193	12
358394	12
75041	12
495446	12
159940	12
421681	12
413468	12
96692	12
443541	12
511962	12
33230	12
294675	12
28270	12
517421	12
507960	12
601032	12
23268	12
236613	12
250868	12
402803	12
406385	12
251891	12
282351	12
576165	12
300371	12
431791	12
553845	12
562057	12
27476	12
10130	12
110876	12
362006	12
369533	12
177400	12
145256	12
592149	12
480213	12
180257	12
482622	12
568677	12
20207	12
134216	12
279627	12
81672	12
214766	12
472907	12
191881	12
475040	12
268727	12
500799	12
54931	12
96908	12
249415	12
271795	12
89169	12
54083	12
236624	12
528641	12
423845	12
89182	12
23433	12
593481	12
57422	12
493654	12
164662	12
103234	12
170760	12
501699	12
156961	12
247782	12
116309	12
493541	12
438621	12
321160	12
341769	12
460004	12
15463	12
434886	12
239010	12
419038	12
536951	12
454604	12
420005	12
251210	12
370626	12
96682	12
305767	12
151406	12
2588	12
15479	12
269930	12
540178	12
426805	12
337419	12
455300	12
607294	12
32243	12
533739	12
325370	12
612931	12
430198	12
526958	12
196542	12
609737	12
177462	12
100547	12
72555	12
301330	12
476153	12
594386	12
43118	12
78938	12
331163	12
134243	12
96386	12
112036	12
611407	12
80476	12
60041	12
215551	12
500856	12
334146	12
410752	12
103541	12
55636	12
183332	12
94617	12
521271	12
543958	12
351396	12
578962	12
591964	12
517872	12
528115	12
544156	12
458545	12
55658	12
336519	12
257188	12
442581	12
79562	12
139980	12
359327	12
127337	12
509304	12
168333	12
319316	12
23307	12
611683	12
49358	12
522806	12
537339	12
317497	12
516758	12
171605	12
485619	12
368542	12
399599	12
588558	12
187735	12
108927	12
445911	12
380607	12
131519	12
239042	12
466024	12
330697	12
42658	12
272880	12
65862	12
241092	12
355863	12
320279	12
206428	12
251252	12
151763	12
54174	12
179371	12
521341	12
469779	12
429376	12
217089	12
18644	12
538543	12
362380	12
519824	12
74081	12
138379	12
597251	12
366928	12
289739	12
317969	12
429053	12
558003	12
189609	12
403519	12
224962	12
394342	12
465292	12
199176	12
365315	12
301815	12
436957	12
488160	12
420822	12
379602	12
595508	12
612987	12
279788	12
143967	12
142178	12
138776	12
101499	12
352956	12
328917	12
200080	12
488458	12
495667	12
499540	12
433192	12
279543	12
539060	12
467809	12
80351	12
188281	12
492848	12
93393	12
9824	12
605467	12
147853	12
376668	12
10299	12
592031	12
418689	12
510283	12
290253	12
80347	12
202236	12
303587	12
580818	12
153904	12
481139	12
51186	12
390728	12
60187	12
524795	12
261014	12
579984	12
158886	12
447670	12
175813	12
176902	12
407960	12
481274	12
240209	12
241920	12
189702	12
582513	12
45927	12
274094	12
289283	12
183816	12
228202	12
427021	12
4039	12
526966	12
136458	12
404927	12
597432	12
45948	12
556929	12
172995	12
474476	12
59761	12
400947	12
514154	12
116783	12
542301	12
348704	12
443310	12
339486	12
158586	12
189059	12
579602	12
465734	12
431341	12
84798	12
67093	12
103356	12
107840	12
143284	12
345092	12
198091	12
218638	12
525889	12
563966	12
552670	12
148541	12
440722	12
198526	12
331483	12
47922	12
112283	13
173848	13
69316	13
469913	13
517174	13
557870	13
81908	13
16592	13
243999	13
555929	13
466584	13
534197	13
172964	13
382937	13
550739	13
526306	13
426828	13
230563	13
377031	13
454117	13
174002	13
451571	13
570094	13
429921	13
451459	13
182269	13
400357	13
397171	13
320790	13
139556	13
348846	13
311691	13
197464	13
434793	13
114417	13
324851	13
6358	13
383820	13
121646	13
430253	13
471122	13
58908	13
400692	13
511088	13
317366	13
274516	13
177934	13
275826	13
21657	13
99638	13
368686	13
26901	13
340523	13
152106	13
580255	13
393469	13
422869	13
287573	13
507576	13
270664	13
525033	13
123823	13
572283	13
230699	13
560529	13
122533	13
401311	13
376796	13
312881	13
205778	13
432093	13
319662	13
83817	13
571911	13
247894	13
29364	13
429763	13
120817	13
56777	13
304583	13
158573	13
598293	13
542667	13
588621	13
478771	13
591951	13
77281	13
592483	13
152024	13
591944	13
249271	13
541294	13
203450	13
256858	13
502854	13
166842	13
201715	13
130720	13
298340	13
487037	13
502969	13
17939	13
173621	13
275110	13
309794	13
363455	13
202680	13
74498	13
58564	13
323022	13
177370	13
410461	13
72111	13
587257	13
209749	13
516367	13
217564	13
62100	13
338262	13
225456	13
298472	13
548673	13
231591	13
314450	13
494811	13
348724	13
286851	13
421373	13
67055	13
539223	13
225697	13
215340	13
245113	13
127894	13
605666	13
384499	13
259183	13
254708	13
571301	13
561822	13
239837	13
13794	13
53157	13
576799	13
294313	13
570694	13
218643	13
128204	13
536483	13
368208	13
108074	13
146421	13
215172	13
175704	13
532385	13
4315	13
325899	13
103352	13
96651	13
161073	13
606781	13
64619	13
299818	13
236271	13
281078	13
89291	13
310327	13
390172	13
402610	13
17324	13
481592	13
450816	13
245640	13
289551	13
109330	13
49231	13
54305	13
385012	13
515441	13
435164	13
211663	13
325038	13
186176	13
379514	13
419001	13
321002	13
293127	13
612445	13
441314	13
243316	13
31396	13
452851	13
92789	13
358917	13
290999	13
225847	13
245923	13
70664	13
291781	13
73566	13
121850	13
321119	13
193461	13
29667	13
439232	13
77581	13
595438	13
81545	13
586028	13
287825	13
89455	13
557205	13
139088	13
590188	13
102237	13
125593	13
81930	13
369947	13
548984	13
413533	13
493585	13
139033	13
45418	13
385155	13
362550	13
475368	13
571723	13
38572	13
26001	13
552747	13
313520	13
597611	13
440664	13
177206	13
294465	13
424751	13
160930	13
532089	13
268934	13
272559	13
209008	13
394049	13
166649	13
287310	13
194273	13
135822	13
485932	13
365931	13
254778	13
387462	13
610841	13
457276	13
286985	13
451602	13
375362	13
55034	13
231116	13
430249	13
173717	13
549970	13
278216	13
375573	13
341777	13
288310	13
418016	13
423905	13
431326	13
586269	13
17634	13
563063	13
8569	13
112784	13
385982	13
95674	13
20585	13
490954	13
103611	13
545543	13
494482	13
296926	13
303804	13
157172	13
322627	13
246800	13
177375	13
365127	13
575353	13
280614	13
330073	13
252610	13
216170	13
28219	13
128068	13
348361	13
79467	13
123875	13
354566	13
195326	13
603522	13
544622	13
254331	13
512887	13
267131	13
603391	13
100671	13
150334	13
5845	13
211670	13
431364	13
148028	13
80225	13
22227	13
485635	13
107345	13
276558	13
613080	13
108147	13
68041	13
564461	13
377893	13
98643	13
300839	13
217701	13
89247	13
462492	13
517145	13
461008	13
599938	13
544865	13
577512	13
11860	13
299017	13
598254	13
437300	13
380921	13
391862	13
297976	13
191267	13
382579	13
582856	13
278889	13
347785	13
138240	14
547328	14
77481	14
54586	14
486025	14
124607	14
23632	14
413825	14
243713	14
421389	14
171994	14
8011	14
201301	14
445729	14
346782	14
403988	14
197356	14
273168	14
39973	14
194640	14
237337	14
57378	14
446163	14
482822	14
507714	14
314685	14
426354	14
300950	14
469618	14
311290	14
99192	14
141440	14
566731	14
455058	14
204841	14
262316	14
205542	14
21462	14
407624	14
292987	14
202383	14
547479	14
209811	14
313833	14
255676	14
330895	14
129520	14
190408	14
296304	14
502666	14
557259	14
147125	14
512071	14
418564	14
23135	14
104300	14
314761	14
248636	14
189538	14
458529	14
444807	14
484643	14
342336	14
452810	14
186475	14
409332	14
302988	14
368199	14
289471	14
44217	14
505139	14
128750	14
407674	14
538294	14
272909	14
293125	14
431932	14
474045	14
124658	14
391133	14
162899	14
421918	14
426746	14
511251	14
169097	14
420032	14
87223	14
187881	14
19259	14
312966	14
114781	14
230592	14
415070	14
185775	14
257072	14
533136	14
547253	14
260494	14
267004	14
483491	14
268689	14
166824	14
492567	14
322131	14
505533	14
483666	14
545264	14
30500	14
141002	14
490091	14
41169	14
505882	14
448282	14
327596	14
565440	14
396590	14
319902	14
65303	14
531383	14
111524	14
11077	14
606503	14
170296	14
151233	14
153292	14
458619	14
690	14
119615	14
408318	14
415563	14
456734	14
56839	14
332001	14
532642	14
506334	14
477501	14
504201	14
487646	14
551898	14
417314	14
530304	14
41195	14
163018	14
28860	14
3719	14
77962	14
496487	14
351582	14
62032	14
129708	14
410826	14
607265	14
168292	14
532173	14
420121	14
120936	14
420906	14
20297	14
586067	14
330844	14
383998	14
333281	14
588088	14
445	14
398109	14
273471	14
470597	14
599663	14
188787	14
518035	14
328347	14
62271	14
449663	14
259076	14
76498	14
179703	14
547273	14
150669	14
237145	14
475733	14
425105	14
186862	14
161206	14
158404	14
425085	14
302983	14
180780	14
577323	14
404659	14
51907	14
331805	14
70115	14
554509	14
537211	14
269706	14
167809	14
602944	14
470715	14
451721	14
171962	14
252416	14
382788	14
21534	14
587858	14
244688	14
193739	14
484753	14
595734	14
612740	14
185306	14
213097	14
431345	14
236776	14
459937	14
170445	14
489102	14
573302	14
225083	14
512873	14
430111	14
159614	14
396581	14
276128	14
45010	14
69904	14
340908	14
510841	14
477043	14
62487	14
58274	14
160155	14
307223	14
518089	14
68414	14
408064	14
453471	14
217185	14
534301	14
49530	14
341991	14
23005	14
217182	14
61155	14
559351	14
73606	14
459334	14
527902	14
305224	14
224611	14
195781	14
516144	14
214833	14
276509	14
428056	14
230974	14
605555	14
237416	14
253625	14
475686	14
359425	14
66081	14
565050	14
590796	14
249562	14
322209	14
150429	14
155638	14
510563	14
321478	14
493199	14
570705	14
469500	14
66123	14
323647	14
376505	14
168433	14
577802	14
128245	14
582749	14
57580	14
286520	14
400084	14
576564	14
49184	14
258023	14
430884	14
514335	14
590129	14
32840	14
1667	14
531703	14
69500	14
156075	14
580097	14
70072	14
383284	14
534574	14
262364	14
36777	14
580581	14
14302	14
35070	14
595967	14
312784	14
82033	14
373057	14
559177	14
497813	14
213062	14
78423	14
18799	14
150604	14
121968	14
150615	14
545488	14
239607	14
141953	14
280509	14
596053	14
301734	14
17380	14
166636	14
302868	14
232463	14
408727	14
541027	14
304353	14
179350	14
571784	14
368259	14
192615	14
443488	14
