573399
195705
315135
534301
70664
139413
552775
291886
249421
557205
11589
357653
225599
43396
138421
405919
577323
67311
397452
256103
199460
252352
565623
417198
541294
165139
572170
537254
26060
297930
326514
507960
399546
570917
287310
45927
559319
198588
341777
55654
579152
391133
421670
339486
571974
391736
133412
454117
132892
96908
334785
424715
399453
306118
412045
200849
514048
523926
537782
7471
128624
26326
400357
159873
427128
353421
341769
221121
319020
151144
598370
219412
464195
28860
82650
438355
434180
416839
159222
139375
454000
139368
277680
215811
68041
312047
362700
555929
80692
339147
87223
314483
170184
103541
190282
192022
248130
575133
327995
158886
207441
280637
436693
512943
561452
367266
331862
508691
577370
536322
375389
351582
486758
192460
283075
547582
541027
16619
486631
226588
252901
104846
200766
418024
324219
498225
308800
385095
195326
579981
45418
288396
97749
39104
213062
93438
179809
232670
382111
467137
216410
78529
485619
29219
81360
312310
252061
5208
407323
567284
38453
122533
490260
267532
607265
140227
203400
545696
563442
303389
343705
361151
213799
302200
467644
66487
408788
181170
409332
219559
67093
460972
590050
110682
122807
362186
296078
362021
96695
474825
317790
413658
493904
54305
7054
195166
399689
505882
514154
220395
565326
174212
361391
356176
463824
407311
305224
183620
460695
552853
124777
408803
382788
299199
529972
375573
339164
418021
532475
65862
570478
364056
98091
13516
368149
313428
520938
374446
406111
480007
536805
207952
86818
596704
455210
546915
212699
508195
404860
540043
532385
336924
296353
47606
135275
560366
412905
504206
417775
409077
150669
74081
392437
29667
481497
237727
462062
429921
608693
138122
311941
544865
35163
262603
530853
375043
495446
58564
224592
286520
328058
533989
112721
182483
49721
143948
359134
84414
323219
549970
17324
488695
231168
74284
540715
461008
55034
170847
395636
49231
308594
463797
217701
578034
460004
410404
14107
93639
329701
195151
300839
305370
179895
188240
117967
489238
601628
120936
591208
558325
510579
106505
100956
144427
602968
408064
262316
218198
247916
585342
433954
371287
365277
280217
397384
10738
468006
488790
284123
577834
396590
565881
546346
404871
431364
188817
223216
437611
181935
96386
162899
68195
60187
385012
160442
544174
195699
590188
193061
179412
240570
461613
272559
162012
309939
447670
163901
384603
178923
586303
452797
431345
23307
574681
363014
573761
309622
98980
483357
538519
420822
251891
188787
332855
478051
597251
132410
77581
295127
524589
436752
467218
300341
480459
578490
390542
459401
463832
115282
104515
90619
200266
424979
588621
152336
576360
183259
24339
6997
213097
21462
562244
553178
258402
473768
410037
477501
297041
479781
488424
580692
53157
72284
468717
507444
580818
495140
588895
386322
23610
256859
443919
262869
135065
398939
402280
331553
484367
523629
329064
218638
96633
243597
271281
153742
522601
569329
301302
89182
89291
313915
151316
596502
118915
401633
346947
52035
422938
128668
504201
293274
515725
80347
428897
457654
446711
267272
385033
152527
557675
161555
290277
142824
434969
49184
466584
431136
121909
252416
62707
112130
533712
397558
427761
490427
249540
611365
313668
478357
98378
441250
239296
377031
470937
135822
561540
475654
320279
23965
29481
13815
395825
466770
355651
561822
308954
283980
153803
417314
345835
610317
360386
14419
154199
38121
455469
530827
306454
80351
224962
97090
540224
579640
380687
2977
364555
80264
347785
532642
59279
420032
430375
43566
418440
363806
387105
294262
387653
363264
486959
514615
293125
595600
132334
316577
292059
12406
42584
408363
329003
346066
131791
420906
263181
541519
559205
370931
126312
131063
398371
170821
473759
472907
272087
573101
167364
572251
515326
268934
309710
5615
484372
586067
445999
352637
313833
507039
587574
231783
460565
50299
449487
273471
605268
226404
368259
62120
572100
44970
577016
410834
66238
374737
516301
401985
395732
127362
348097
76498
65596
173848
82914
114809
491419
571806
465292
1862
504348
46231
410819
601915
392034
171373
117538
270838
70003
494860
63535
48766
321478
554331
527833
136458
524735
313717
94200
190272
412766
250458
280509
494482
185566
112811
245640
398526
244200
585586
176262
52382
231228
177400
527036
478879
334368
482822
1992
237471
331163
66123
144324
537596
377755
580255
559177
243496
29525
324489
268501
295457
65879
277460
322123
565070
335505
433196
104904
418778
239721
40810
302455
568677
151396
42333
73596
346930
248870
328145
187735
311691
356795
359272
490341
226065
323647
118220
98643
325161
161073
289233
235889
237882
544305
554532
458848
292384
611543
38475
574572
387002
48218
126021
601173
477095
557208
249067
573326
190763
241920
598709
457856
283580
61344
24353
129708
467344
402824
148733
505141
551077
127894
116658
442630
137590
505533
469278
136596
325038
285858
216170
351709
6519
417513
23540
143417
441438
568378
415070
397967
142267
471122
605000
292568
523175
580497
263230
270664
274480
17553
206302
406786
41330
186475
461676
411411
452851
109890
548997
2765
71708
38396
230563
438502
196291
57108
124607
245065
232155
129166
184771
475368
580581
138776
62816
20297
51548
100671
377056
581103
403778
585413
141757
490954
304316
245459
312302
220297
139674
469733
435789
468957
81615
238324
363455
593021
403402
32742
317366
446917
542667
205456
518506
503338
417974
168741
223108
293120
334316
435986
490083
57906
113346
50242
492191
186287
141002
8569
73606
412014
220355
434269
318424
225024
200377
555520
167506
296646
31194
129520
58701
155638
417039
176830
481592
514279
259431
416198
359913
164825
268526
415098
321679
28222
428121
350902
555171
418689
318702
86028
525988
181745
164001
38424
31396
352647
346870
79543
431791
346197
116750
191706
266036
166636
583311
138132
551207
483666
467463
334621
253860
512311
166649
275878
608951
264408
209796
57378
469618
50327
169462
408980
125637
86749
53309
273146
306024
608491
265751
129512
259108
318910
374603
142425
59761
353086
38549
306038
62374
54655
527219
493044
415620
388622
590169
77551
315237
164699
97945
610806
187368
157172
601253
73061
93063
461601
85304
303346
513480
404927
139336
512873
150604
224545
45457
258023
321905
579802
505139
108011
578065
585499
55658
32943
358394
476547
441207
211810
327596
348205
308038
423201
563063
293596
207715
253049
397555
52289
132761
98608
359640
280071
202409
13794
249562
604016
109192
228598
36842
526306
351841
261014
288297
155415
158419
283016
297472
223901
253625
90413
475475
10515
159795
335780
267071
20003
182604
461130
176983
11185
216807
390507
14741
539926
598729
28017
273168
184316
405444
495657
219817
175704
544927
319662
48209
38572
421929
587227
139921
179371
215172
294313
269320
609884
371343
432263
241871
166824
287110
345808
73884
492017
159940
413898
401873
139853
408863
163486
206431
509369
142440
452994
612445
439759
370227
546354
554466
136478
558702
330376
431326
381776
56452
306948
63360
472792
604503
57891
412016
321880
217569
134243
489210
441018
433495
173769
252610
363786
538722
331
413273
29773
24374
181499
540558
208986
319935
199668
267099
73154
130725
21420
20589
397831
591944
546008
574833
438719
484058
318509
352247
164662
558003
172783
238465
125524
509899
595508
287715
83926
461284
440664
547328
553995
73067
31624
283279
542646
547273
593051
320591
594701
12785
28933
487646
116783
219966
571723
69257
205509
164694
480082
503099
164050
155912
207217
313384
413492
600073
141953
549796
415365
354946
114438
291700
576393
200238
137892
140607
348704
368542
110821
267131
573087
527570
179703
295299
408318
181914
563598
549253
54658
61681
243462
56101
206428
17667
9695
289768
302107
552908
377893
456526
542301
68743
216843
362475
201469
286985
238497
1439
507016
387157
348795
123370
364143
306471
532173
107344
216986
410388
12237
123758
318903
564495
606766
596930
84798
188963
378208
53730
541329
125512
144099
216618
162394
476153
330405
532089
78938
571784
586269
564456
457676
35887
91400
205032
577881
310258
45531
14533
40505
539925
589592
32582
251210
201228
488458
218768
571444
226173
593238
609710
497813
297704
415421
23896
459924
105205
102166
388801
568502
585482
175946
268542
67464
557538
96288
245012
28219
237613
457634
368199
454294
451950
476853
320374
492064
545488
537209
71882
254778
611526
71993
396193
547253
83641
9076
314685
92319
268718
54174
500536
564314
281634
365315
554336
213234
236271
311290
464930
190570
312784
119283
530879
508523
295320
496232
491952
271795
183632
483491
117316
71794
197287
355863
209518
394474
405349
1900
477182
92346
102237
72419
428056
396581
64323
258598
250906
290253
455300
285316
240597
438508
153580
189702
230592
321524
78449
430198
517421
378838
487932
48717
285478
63442
288336
539063
413468
97490
518046
245841
361132
249733
176706
31864
608658
25580
481139
135258
604285
346167
44547
545814
29142
497205
240726
118834
336301
570904
589571
222090
404093
465195
564828
613542
206025
369217
522806
283277
176757
379376
282328
21037
149793
380684
204000
549945
420629
43284
392180
487122
345897
412467
609964
436957
273119
204937
370626
304583
73936
168265
539023
496506
35881
430673
471867
441306
457335
397883
596622
234338
133213
27172
472397
23585
56055
576072
507135
38936
409305
47875
86279
422894
170296
595438
225922
417249
57580
38282
252698
21040
324406
223031
305357
536766
231591
569677
458631
369533
214766
309399
424751
492848
460487
119152
560529
202526
90444
236178
379567
303486
125379
158586
540654
489605
276444
370815
296849
94024
408284
538027
275848
259342
214093
312561
172381
75513
465454
322316
476070
113729
153781
378502
196043
205529
287847
288216
606035
279829
312881
179350
162251
464375
601303
572829
481589
118298
269706
441276
519134
524703
546879
288310
422244
256943
541351
245113
397110
506118
22674
203115
13424
254563
519962
558430
8182
305010
318561
102045
507576
503727
590033
22138
409331
284916
340908
438503
405332
394342
85448
571490
24648
340436
451349
321602
445020
576430
22363
555733
29364
316366
419080
8011
90933
107639
110384
6940
604191
294214
526958
146056
94689
453636
328526
582513
22502
544156
330756
584319
416450
148048
301565
192615
62846
158066
302157
348852
419150
366656
484687
314752
310509
204331
367484
98635
430283
196614
145118
502983
363534
518089
293653
66542
362006
17175
210538
511673
324788
339928
397933
559351
602218
6370
255876
273821
377033
481161
213801
539060
104643
430884
385438
182269
345962
9549
10130
564955
76469
37021
155467
565435
531932
62271
230436
84677
451459
236194
158151
351879
566599
546624
192386
289739
403036
37818
243711
574531
450682
284627
371294
443541
170445
181115
612003
219839
483470
243856
605555
254215
415591
52233
278105
243713
301734
540740
294675
426828
518148
487037
588093
407874
520628
517671
405570
406960
527902
356097
11860
609290
177479
214494
538044
458291
83817
497456
107105
549962
576165
88826
70574
81889
314887
47678
590196
249041
302356
6153
257229
107345
569958
22813
297976
505004
32292
467105
484202
559848
418350
240621
529713
427037
511744
362818
598090
304676
411133
484753
307223
514865
347202
600
381470
212778
443386
278216
570303
539917
133174
390516
200722
330716
239355
402161
2239
355054
390883
591964
374541
15479
256487
168018
298300
584095
536037
97684
539223
159334
32691
545522
267467
100821
488160
236776
289162
303013
310865
22452
267523
18597
376796
50942
274479
573028
593042
502666
247894
460171
143849
445577
499435
301846
147620
518067
146196
173669
215817
207600
75171
483956
116696
94479
609900
435061
125825
577263
529295
354179
365336
146514
432398
165419
145343
178964
396257
52276
438674
301965
362550
543682
403397
64794
20215
449368
278779
410826
176479
589079
478530
243316
514335
558986
177223
178892
321559
483998
295759
129052
381904
292865
270240
211990
504316
112492
47188
557334
22269
151922
607670
7980
105787
247964
313493
14103
501445
433782
379034
402383
350330
197795
162513
605547
427803
572283
320397
359096
84590
150429
425168
322790
37982
467809
554723
34779
423588
481843
528641
51907
519677
525047
394520
42978
217564
25717
170548
210397
55598
542228
153292
147668
307324
401258
202187
83326
100333
107418
56839
283307
323583
587257
158404
196542
269645
82093
466419
367758
22607
53887
491977
79562
244120
454434
612987
495312
449976
459275
551537
308519
331235
22494
400692
452810
209038
459334
393563
379919
78738
366928
150615
451108
515589
113657
561109
582291
387565
462492
517106
183816
4621
514107
155235
102309
184558
576371
438335
152411
536756
438222
466985
37933
267718
497696
488475
194674
440722
301559
69664
120871
527331
442904
477419
265167
90857
433311
305614
69690
138103
324939
213577
22763
67060
495667
195745
414949
307542
389629
605666
70272
302519
569740
263330
175870
177206
109660
505079
15657
378977
199641
432286
11867
72065
602628
199005
356132
144858
142434
327961
458277
437273
218113
492158
32331
129579
379279
226943
307345
480183
431932
416648
522928
248160
181423
368888
160953
116309
362399
254331
314761
37303
104300
584411
162731
502448
286298
247638
197356
344936
586723
148962
194313
486869
166545
433015
25288
231947
143469
190260
505638
58187
483164
360498
491967
432093
218643
290259
149911
10704
341640
517376
451571
319316
143967
358113
477043
559863
425085
489664
214762
348733
387923
189609
274194
7395
18799
108798
13674
481950
512887
320696
592720
380706
534064
283914
477295
474800
571402
406810
211191
243747
188281
107863
552653
248206
390968
364798
498295
562751
140420
258623
417636
415264
505538
304703
435005
599299
59123
66081
268254
482104
396881
233059
423905
62487
144254
393469
164938
349230
424919
205778
312966
11566
538543
21382
515441
396967
186265
274419
540178
139394
162231
158856
335199
596252
184248
194231
45168
563966
368686
481491
290116
455202
379685
597024
302864
406696
511431
222939
180257
394201
586168
217089
598757
291461
237458
525889
466053
328347
570288
448948
392054
120470
25203
54307
410952
15614
309892
147872
56868
203450
368654
550246
357474
612575
164189
407287
55820
220384
345329
501659
334387
295242
364005
245923
373153
37833
443016
446801
160884
610531
399851
16122
354839
385283
85434
262010
379309
482622
600243
22637
250491
236447
481232
42989
173621
174777
497270
95601
191267
76773
8861
507383
186076
127337
459796
232217
353158
539200
586028
331784
209811
484171
145097
209039
512071
588558
182121
535011
330684
517872
22198
147855
366992
166002
581924
415115
347767
75308
442616
27476
613201
7844
478072
228371
89820
610146
33803
231637
300241
150750
26126
565330
457763
401613
116812
438634
507350
610181
554161
240120
32952
23268
420005
180463
4315
130572
439359
336849
507714
487154
438215
511190
33230
233442
482757
253598
188735
526966
101499
92444
354997
279627
241608
298131
565106
404659
333792
599663
128211
27146
499540
348984
105258
221068
8466
539927
419001
209008
114766
20510
259896
159518
576799
3946
611407
89485
319731
119330
312086
530198
330234
574983
303587
329268
301330
197461
102689
447233
419493
131844
539579
265430
541093
409225
28482
428926
123632
56879
303790
490059
341976
38379
22855
569518
418999
313367
273880
84116
367475
522256
463153
571911
70968
571301
355356
70459
589440
125705
492790
475040
324385
158374
281546
600276
453167
489428
434193
269963
182508
439017
332830
586669
58908
218724
90847
28270
380930
159778
561106
59821
176537
359425
573302
223750
421681
458619
612668
166987
554836
296926
336960
193461
226479
502920
465734
613269
545752
193062
341026
476528
493172
496858
202680
278755
418653
101945
193338
133959
33608
317878
2588
407678
397625
401542
519824
199490
594976
354566
297161
271728
485635
83062
263576
496414
341923
239525
86064
195602
138435
562057
528115
89247
272202
86565
126526
410365
261745
456734
397161
555825
591393
174386
141502
590954
278748
605808
133894
1667
314450
55836
54083
469472
418690
237337
45353
198526
547702
348720
562533
313867
157524
511531
335429
274967
469913
63348
94313
461131
339286
70200
418016
604983
420831
559180
516692
391244
296304
81338
307118
604277
429763
443258
157500
579984
229290
467537
231443
171759
342336
613080
90762
170760
473871
424404
543739
85057
13022
541172
41195
276509
572348
552508
551342
275210
52978
198091
193621
25458
17217
21459
197167
559055
492712
124681
240353
159247
175756
551193
6025
234439
520262
71896
303614
576511
539121
493260
71556
173223
42571
552490
26001
541258
438376
150308
518035
280245
231116
345240
68654
410487
337390
365143
35070
448776
465783
612069
5372
279454
198558
470597
140992
422073
284183
590754
199176
201715
132073
308396
382937
353754
510355
177370
186792
108127
111524
237361
388339
156230
351193
317473
141973
73408
371362
211760
461486
486395
489189
390686
351359
471307
83178
324718
48259
140601
9606
149342
430249
397707
83937
307180
27012
62734
545009
77281
103951
595250
9139
377626
136511
292971
174904
140856
401659
568461
541194
510841
532884
396325
582749
423060
466430
3876
509740
383948
437882
41780
532854
407571
558333
507613
607490
266438
56777
359212
190220
493541
315740
255293
85947
226593
431341
452733
501132
405633
523823
147125
335484
466478
385259
333496
175986
288405
408958
363621
200080
243065
469166
563962
417399
537211
256928
535090
502079
235886
14983
413478
172964
430247
4222
190400
51441
110081
611302
534869
230974
393797
91997
381714
227010
383540
350466
93157
494397
237111
44816
302630
302868
116687
85392
10742
570694
448282
119696
598187
130367
410752
21236
330278
154366
29897
464262
150334
532064
599938
538395
11807
591990
212481
463058
139033
237313
498205
191881
317132
101262
571059
315775
133572
551308
70072
195007
249008
19259
351317
442332
136434
262591
1457
548068
103258
263957
155249
289471
139088
88953
97805
185017
427021
601067
454045
355038
204086
141440
103150
269930
121407
148077
55751
69500
321002
400947
177697
466414
342732
218284
81672
28556
70432
533739
465794
517174
175713
1623
141673
73653
145256
200146
127380
153976
224880
287573
175317
482448
268689
265435
592560
177640
521506
180780
428868
381653
328917
519931
213906
391862
139202
50913
413825
302983
605467
287386
199309
45792
376505
130450
601032
574009
568159
373057
546884
225847
554509
570268
90570
454604
267004
419038
468768
524702
214833
223730
522379
461206
413434
383575
491315
239042
563261
162592
508684
120817
265455
3719
194273
554100
229031
288884
166768
593391
598293
317856
313873
292874
114417
217046
426805
186964
307351
300950
356807
296718
209120
282367
595636
606503
251509
109312
161576
15861
6805
35921
465141
420063
449610
593481
300371
35483
278889
502905
66234
441337
606894
1989
13112
18497
4039
129285
348724
394988
591026
494058
277588
18644
136191
345379
422173
489102
439949
486025
374697
35740
532256
423568
246800
260494
607895
149852
561459
504120
185306
167809
368208
585089
184812
457135
84780
94260
94172
67690
589633
22436
186441
442374
321147
238509
73566
438143
101855
438234
361932
516371
567783
379602
354496
423331
160774
519849
47679
272880
532996
255410
280103
401332
307577
355092
358482
477299
289283
378742
139783
24525
178099
598692
80077
322627
303807
205754
588119
265627
147999
389281
159083
538834
309794
108074
484643
36097
401328
515239
488125
121005
324851
520306
375286
407624
334471
92489
68400
320179
237145
187711
30233
485114
108927
171469
19404
447607
541707
68944
534176
7130
572894
297299
79892
131034
106788
99283
332205
225910
500022
474353
365216
451900
254111
332857
416726
481653
135484
472964
429053
340274
79983
439712
171962
129941
576529
90166
112182
165417
130214
253537
19356
315072
425446
189059
420813
546128
128245
580805
528794
125593
427443
437300
439843
13792
366948
163051
453067
115310
527493
570094
275826
224611
65871
172543
347148
493798
218079
320434
146939
484162
250868
464389
212359
255676
47847
426029
230126
570324
296363
457210
246384
296737
469500
188786
439628
283216
530372
91575
514001
236238
266647
246168
278354
7824
460754
171994
358615
278808
365531
413227
77962
151763
74531
175813
22227
370470
552299
177437
343346
492714
89927
97147
54377
183051
481024
610539
235798
569824
613364
177462
346214
113240
545871
337419
324869
431595
384050
543654
460418
157747
69959
383284
423630
274094
599505
400084
163833
543969
283479
298607
94401
291178
558070
95674
300704
23433
586846
511344
536652
143928
162013
595717
218816
436720
236208
363435
162718
14259
587858
459937
198399
139525
509839
422869
606299
170563
15765
487399
179445
50961
322963
478520
478887
54586
214158
597432
427127
104516
7352
381210
537709
170410
558583
586457
382756
508051
124815
142565
166024
255050
409709
92095
597328
446945
602975
544738
152106
185650
189756
437577
345407
467326
605021
98794
509304
200787
161206
79737
292987
545543
577512
176851
177934
390728
287825
324370
21287
500924
368223
284134
233330
321687
67055
111234
589543
303037
293127
341759
219775
337266
356304
194108
564568
201301
295873
66586
325360
397639
40942
587853
496416
592750
311280
490882
106945
254392
599614
428545
294257
138379
78366
275831
426338
96764
50965
298646
599802
440663
157480
230560
47760
376795
26524
91175
599830
70384
161618
352862
1375
481274
275949
267149
24890
145042
89198
358914
261706
463279
104003
113875
72939
75925
383820
544622
138249
158884
532952
13495
49334
99638
581388
444045
397333
99570
109361
336207
80429
422130
421373
275110
521018
521786
181613
294465
445056
496314
1603
450299
613244
190043
426421
553236
352907
226637
207986
448141
33139
205392
275369
4528
320790
80519
154438
194640
443008
243884
507816
521341
27963
474256
389450
493430
97705
219073
540808
117385
249415
8978
603571
175966
585569
474000
298342
575353
577089
321160
73707
323302
527742
328667
533271
102403
372789
182529
577802
239707
324636
428488
185775
579304
385518
465542
606781
362923
283468
557864
251112
1884
440250
317497
292807
76442
380607
106731
106252
394049
128759
165930
536618
159614
54577
110575
119615
324007
31420
202383
118591
116683
49713
403052
22179
23994
377630
564461
32895
323022
243926
158388
80225
445
243999
253439
296936
514058
477536
20678
297633
362711
429128
345378
7962
454497
179783
240421
567096
554744
511251
611382
241302
201314
96692
195174
587899
111935
230699
499346
427250
549729
145489
174545
576938
551260
502467
336908
259361
150120
341007
103356
507399
305168
272985
367112
331561
406385
480213
250850
460231
209457
589864
398128
478771
188511
97268
116920
426046
602692
197970
33591
387505
341301
231060
456474
515224
204841
44217
81908
581659
171010
184897
612348
204913
149451
492597
358917
477008
543958
53255
502190
97577
26159
429773
108147
14557
304672
89169
547479
337823
73043
79467
413202
429837
548984
47376
214954
223412
461896
41169
326928
71002
308442
15444
299276
64426
9787
57291
518958
97587
211670
75256
191726
111293
121646
550428
267452
38190
398335
217185
207885
222950
418564
270634
198350
128735
601981
173717
189436
85463
231698
302988
66403
362380
305767
446588
276558
330697
260927
349128
267878
612295
376668
497415
522788
496487
596053
537708
315143
462179
244086
513508
162921
374702
42658
139541
588543
565484
508332
485932
557870
139178
244688
395742
299800
56741
317954
599878
49635
24837
5964
357800
197902
504282
443488
92789
411072
469273
19935
142178
78646
564768
247563
534197
599446
374486
249769
186176
225327
462066
67255
353152
63162
147853
443079
236009
352326
371581
141423
525864
189723
369947
232272
330844
261990
527174
690
60405
595734
502655
260929
522577
465714
47214
458529
283930
200155
88787
177375
534574
458545
32152
362295
121968
70115
532465
91508
8113
345531
396196
359327
269294
174002
254734
160577
573145
595816
612040
100631
67813
303804
54931
309013
71251
321536
425374
230347
155143
425513
369370
195475
554328
209468
210156
221422
259076
373151
253159
204707
120888
179292
347535
581691
148541
183325
244687
402101
260539
353673
295389
297209
305779
123875
448372
113086
69904
556153
338550
428785
134540
538294
179546
263206
540136
500945
582114
72772
404763
295013
193340
34555
128750
477800
378933
107893
204673
204407
88660
155783
216586
14914
227170
184944
141284
298729
137194
96682
129353
183677
30017
487915
407576
594386
361284
122158
217967
581473
502633
156075
410461
109325
332037
407674
137966
479022
229242
101234
59722
349158
164736
329872
436797
362529
192369
550779
441314
23050
225165
462704
432023
66647
119018
413936
112283
564984
516144
216341
26677
432485
259716
72111
25199
275416
550550
127355
213327
415563
240209
584056
81337
276128
539723
246884
502857
433192
31645
178384
119540
131722
290125
263569
222668
203610
538729
330367
200580
248585
475686
418654
538360
464941
103915
389221
28285
7851
580355
379644
368490
512807
543390
406064
250594
449663
62032
239837
393706
153794
288917
276185
54759
49104
451676
23857
28346
538202
115346
443310
330026
517145
9159
255512
175547
367375
214609
126882
367469
426354
238117
585476
126660
90795
207934
318895
579687
17939
375558
474045
429780
577683
521920
367289
524795
256163
81545
295863
324597
234167
341991
591951
521271
157697
451355
434793
285219
419510
246970
306495
295173
550603
74459
91796
325370
543191
440793
506334
51186
66714
225688
356724
261358
162514
338318
270382
162319
499969
49358
344988
430253
567974
278666
593375
224283
409090
514256
139682
200461
263339
495611
449284
105233
578962
432699
576564
318579
332702
503069
333512
27234
516367
450076
260922
424762
594597
514979
320050
400216
463143
398122
197625
534907
247828
172855
565440
307794
201382
575243
370334
110320
473214
428929
353929
462128
466024
570088
80656
158753
44199
204523
111834
510786
99192
590343
51762
19706
550334
340255
92396
327509
267922
401311
588404
32243
21534
193928
601901
151180
180093
598254
71133
24650
282614
311122
255722
591759
315975
264330
565250
173464
402610
23005
443844
132921
80291
612740
465021
247782
188919
499612
318884
89692
261647
20207
131405
406255
405594
240027
73810
476439
410261
153758
418584
531383
314173
23632
332449
547470
242589
470381
185264
200993
552123
379514
445911
491541
383883
137655
335726
313657
511935
203869
295713
438434
399048
98806
327066
284191
456935
365931
348846
87221
104489
365785
530304
193524
550739
522423
392679
143703
158573
373487
511962
332353
269852
434886
100384
166842
303344
371845
451602
592031
401814
398341
225697
18290
521177
151406
576484
181929
122203
172347
90075
292507
200746
476916
467749
545681
551064
153152
107219
214784
567377
291781
303966
75041
268918
315727
225083
5845
203740
168433
444139
536483
329406
93393
14729
297514
66876
211931
225456
63818
21742
506128
257649
87546
259183
420346
606412
584385
521739
155391
103352
239542
21657
340718
546180
482756
96651
572526
390172
428089
216676
251009
238694
76725
90454
435445
610920
513392
607294
587510
463130
210936
519837
298840
118492
283324
178168
7255
411572
89749
407960
170162
211504
493654
591380
603387
571485
437751
204519
275343
389960
164340
258312
16592
461603
149630
588275
264838
552120
106221
598454
608329
342358
520344
367647
436339
313520
470425
109389
369298
274516
456523
401872
312358
322131
310327
397155
322059
547000
75891
122123
41696
76061
538830
95281
171605
262475
599303
160380
556929
493879
451721
244028
289551
234913
292872
403519
91468
138240
458995
67543
67012
94617
172243
342258
338262
460555
382360
230390
455961
516758
32546
610056
493084
183332
156961
182301
491001
469287
403890
135805
610841
386146
6358
452207
484425
383998
67450
78560
225307
506863
215340
89664
259568
166951
103234
595783
86556
251211
240613
490782
502654
562975
174278
59453
322134
236613
99668
311062
449257
311874
291070
213621
331642
173601
399755
556044
160930
110876
279788
554644
363358
415468
439299
268727
328161
30176
455275
257072
280915
222914
286590
211139
276824
244678
388797
471196
523610
245465
426510
313680
49913
523235
530109
94906
125574
511088
9550
245304
377320
319902
160059
317868
189057
108161
597128
454011
42688
127093
121850
383646
290731
367950
58274
471828
169097
214220
244662
546144
238746
93035
414540
181110
292636
223649
328975
490091
145431
568734
5323
330073
254188
592149
282791
21602
328745
280710
244570
503192
408490
293436
251759
590129
597187
149247
315696
539270
519866
294700
502969
437292
430111
239607
112036
130720
595204
351343
596836
215551
548673
428141
536951
285714
280616
377598
190758
475537
279543
354727
32840
358826
298472
205203
487517
552670
256858
134485
601982
335108
9824
168333
347724
276671
341442
429376
191118
595967
445737
320860
331805
283921
522269
333861
202189
45948
417967
493585
30078
126338
76214
441840
291988
612931
475524
81930
160895
478249
35299
286738
333281
540782
107840
455438
132616
281631
601333
42860
96568
269900
88803
136414
78423
82033
397171
267738
553920
189538
128068
579602
148028
581513
317746
102229
211663
540437
589608
460397
184970
102901
114210
57422
401000
491371
537903
77474
151054
548802
142013
550803
404032
391735
549915
257475
39663
178740
176902
115017
567933
499589
42048
286851
445040
344576
601224
594574
228156
143428
31289
311795
413230
413533
22373
192320
498683
571958
119857
167486
478884
143284
30445
76158
452475
161132
294808
559240
367989
575123
295330
349295
266434
600646
142787
184711
602514
346959
588088
438054
300058
251223
336040
65303
6961
425973
517067
232463
11077
45010
420121
64091
590796
143746
501699
557948
243456
150295
69316
602754
345954
26184
197277
27305
280614
118005
60274
458705
57099
364064
39973
124658
453793
17201
473329
59318
239010
500799
441564
395626
551898
318736
168292
493656
24412
50830
511656
391424
42863
9224
149690
517434
273738
197464
534109
17634
128440
417139
561795
385982
68414
65430
351687
131948
127155
191722
247416
435656
281078
417724
379903
132705
56987
354160
157368
329130
601714
552747
464558
467154
422563
262442
405301
160155
10299
503634
442581
99735
74498
552430
549332
153904
344724
331483
115362
14930
344125
523646
495144
375362
277420
325783
215086
162649
416772
304439
14883
72223
602944
554350
101527
83775
516006
131263
355772
302595
609071
327889
569137
585936
552068
245616
502854
456680
261683
325899
299818
490646
257127
294110
162097
597611
581909
236624
248636
420764
500856
214803
352426
282351
165590
340523
72858
262364
165349
34288
548959
30483
450816
137251
357235
298377
500205
352956
329569
314431
261021
425105
370188
27109
449161
94984
201794
22477
601691
481123
209749
283035
15463
275716
410021
374699
187081
73687
86623
299123
431434
62026
195781
534390
577164
448738
487338
356067
94057
243031
385155
252173
37793
404912
455058
107813
480810
226380
71611
578487
209226
435164
553578
193739
557259
354017
20219
475004
556530
196632
324502
444807
484115
72949
525468
457677
187881
494308
123823
231031
270679
386393
539954
428571
15795
204079
551325
301648
163875
202236
87714
49530
585296
55675
216774
497030
488200
228194
28152
94773
114781
141058
531406
205542
130094
302127
36243
51361
373974
406908
524384
324855
27200
464407
100437
386208
294330
563535
489157
26901
169944
355501
444421
53010
146523
412596
580572
532065
380921
436129
407905
328385
521463
43118
80403
538121
59062
501204
196612
131797
310471
119468
260430
344247
236309
407695
116485
593361
553845
461884
89455
217265
557705
279614
494071
177569
530812
361100
15238
286728
431391
539625
205400
226459
120026
423511
324306
423845
543527
116968
366359
131794
348784
383438
153857
389753
606856
190408
536862
421918
200771
69935
120977
157178
355428
235923
398109
470715
63658
538939
398696
215544
425969
492567
466266
291497
351396
299055
321119
312067
278325
499333
503209
120712
218491
257971
123161
397599
348923
173469
351783
609882
282736
411241
252907
487266
265775
254447
548008
421389
217068
47922
182523
134216
607105
462157
451598
28733
373536
282698
439232
1533
458888
282959
429691
38832
384
413580
5298
389784
207365
541051
84689
426746
5542
64826
258954
131519
62100
432092
394468
45064
346782
410003
63115
594286
298705
65702
454144
138522
183821
295090
298404
374065
376547
384816
471783
287107
164325
203211
524641
253369
15251
65769
475051
102242
301877
71281
400252
204190
93028
384542
512392
330630
107423
158535
584174
304353
120189
484090
415168
186862
228202
121988
467612
101829
94851
90544
593537
242937
16909
564441
32415
585183
274823
152873
499545
230467
3341
268332
524866
334146
161006
336437
149986
101647
286808
180526
565050
584290
205013
376661
317969
49018
477731
333643
84353
262842
328522
265786
351473
355002
60215
288021
303022
303476
131053
423048
303131
128204
386245
342836
290999
111114
248311
428236
84055
473141
7999
516294
145788
575861
153007
445729
96915
267355
492704
599764
495005
191879
402803
196254
380314
52420
135570
237522
217182
457923
399599
135177
84151
158592
473006
264964
134140
348361
474476
474516
475733
408727
151233
103314
493199
410873
181919
322920
288904
487668
334324
185491
436584
424544
488070
273427
513705
53456
566545
321946
298340
410993
454339
514018
172995
537339
163140
226491
102435
456893
607756
320529
612697
328825
370462
194588
382579
100547
159497
97103
8122
159924
265788
535632
376418
172656
506814
249271
57491
130246
267649
494983
109982
100981
36777
478872
325744
263630
558192
417807
365474
239717
608997
148993
548668
187356
242940
421355
609737
481389
1378
89100
51321
61155
144559
600848
564841
52441
118975
395403
573106
485241
287190
114390
14302
80476
251252
266663
581122
230932
401140
241092
206401
112784
237416
229312
611683
193082
139980
63128
196819
301815
563109
593201
233648
277676
587499
543819
457276
253642
372543
494811
196166
525033
313926
453471
257188
330895
416290
396022
608921
253561
48642
215183
531703
315862
291063
79958
554932
72555
365127
177355
102539
131166
95692
64619
97839
317147
103611
199325
395763
353054
289544
525478
230367
425679
36009
24971
603391
439850
612126
25987
133664
138085
254800
158124
478652
482830
387079
563932
191419
599911
254708
469779
598404
575545
449396
246597
473093
430589
254141
510563
233801
328083
560421
391627
152977
394593
244641
463195
349232
364936
595916
501809
314190
392368
34221
108039
36109
403988
213095
310561
390987
30500
146421
35985
446163
426087
570933
139556
558769
60041
545264
453086
187054
528939
599928
455989
596533
17380
55636
437457
560577
597361
193982
383525
414322
248075
187567
152024
493194
570705
566731
3520
75458
86120
148824
109330
570674
477678
274720
377263
409901
12808
233679
153643
273843
605674
77481
146630
212670
345092
334532
81263
509653
387462
244123
590117
53555
322786
2582
609410
402646
175240
61838
491316
299017
458887
162157
597637
592483
327630
384499
20585
232328
144177
84030
163582
382174
573740
174107
368070
250267
59969
164858
438621
26542
270026
319712
510283
546696
409976
533136
23135
299215
278237
200541
276237
225468
532144
488651
118710
312411
571259
488927
73285
74057
475427
39907
139233
396794
426009
603522
164731
482562
431011
612125
332135
52239
488375
236860
508172
550286
68947
490088
360329
36312
164882
430095
576259
336519
251991
584381
562443
340185
25661
272909
379902
163018
283286
582856
69868
599153
195619
197402
598647
4744
291925
112751
302317
195735
550109
546911
182244
322209
17005
209360
331462
121336
356268
613296
332001
494136
580097
